particles:       20 objects:        6 bonded_contacts:         19  mean_radius:   0.100000000000E-01
 -0.600000000000E-01 -0.242692323059E+00 -0.510000000000E+00  0.600000000000E-01  0.242692323059E+00  0.510000000000E+00
mat type  xcenter_mm          ycenter_mm          zcenter_mm          radius_mm           Temp_degC   ux_mmps     uy_mmps     uz_mmps
2  cu     0.000000000000E+00  0.182692323059E+00  0.000000000000E+00  0.100000000000E-01  0.0000E+00  0.0000E+00  0.0000E+00  0.0000E+00
2  cu     0.000000000000E+00  0.163461553830E+00  0.000000000000E+00  0.100000000000E-01  0.0000E+00  0.0000E+00  0.0000E+00  0.0000E+00
2  cu     0.000000000000E+00  0.144230784602E+00  0.000000000000E+00  0.100000000000E-01  0.0000E+00  0.0000E+00  0.0000E+00  0.0000E+00
2  cu     0.000000000000E+00  0.125000015373E+00  0.000000000000E+00  0.100000000000E-01  0.0000E+00  0.0000E+00  0.0000E+00  0.0000E+00
2  cu     0.000000000000E+00  0.105769246144E+00  0.000000000000E+00  0.100000000000E-01  0.0000E+00  0.0000E+00  0.0000E+00  0.0000E+00
2  cu     0.000000000000E+00  0.865384769152E-01  0.000000000000E+00  0.100000000000E-01  0.0000E+00  0.0000E+00  0.0000E+00  0.0000E+00
2  cu     0.000000000000E+00  0.673077076864E-01  0.000000000000E+00  0.100000000000E-01  0.0000E+00  0.0000E+00  0.0000E+00  0.0000E+00
2  cu     0.000000000000E+00  0.480769384576E-01  0.000000000000E+00  0.100000000000E-01  0.0000E+00  0.0000E+00  0.0000E+00  0.0000E+00
2  cu     0.000000000000E+00  0.288461692288E-01  0.000000000000E+00  0.100000000000E-01  0.0000E+00  0.0000E+00  0.0000E+00  0.0000E+00
2  cu     0.000000000000E+00  0.961540000000E-02  0.000000000000E+00  0.100000000000E-01  0.0000E+00  0.0000E+00  0.0000E+00  0.0000E+00
2  cu     0.000000000000E+00 -0.961540000000E-02  0.000000000000E+00  0.100000000000E-01  0.0000E+00  0.0000E+00  0.0000E+00  0.0000E+00
2  cu     0.000000000000E+00 -0.288461692288E-01  0.000000000000E+00  0.100000000000E-01  0.0000E+00  0.0000E+00  0.0000E+00  0.0000E+00
2  cu     0.000000000000E+00 -0.480769384576E-01  0.000000000000E+00  0.100000000000E-01  0.0000E+00  0.0000E+00  0.0000E+00  0.0000E+00
2  cu     0.000000000000E+00 -0.673077076864E-01  0.000000000000E+00  0.100000000000E-01  0.0000E+00  0.0000E+00  0.0000E+00  0.0000E+00
2  cu     0.000000000000E+00 -0.865384769152E-01  0.000000000000E+00  0.100000000000E-01  0.0000E+00  0.0000E+00  0.0000E+00  0.0000E+00
2  cu     0.000000000000E+00 -0.105769246144E+00  0.000000000000E+00  0.100000000000E-01  0.0000E+00  0.0000E+00  0.0000E+00  0.0000E+00
2  cu     0.000000000000E+00 -0.125000015373E+00  0.000000000000E+00  0.100000000000E-01  0.0000E+00  0.0000E+00  0.0000E+00  0.0000E+00
2  cu     0.000000000000E+00 -0.144230784602E+00  0.000000000000E+00  0.100000000000E-01  0.0000E+00  0.0000E+00  0.0000E+00  0.0000E+00
2  cu     0.000000000000E+00 -0.163461553830E+00  0.000000000000E+00  0.100000000000E-01  0.0000E+00  0.0000E+00  0.0000E+00  0.0000E+00
2  cu*^   0.000000000000E+00 -0.182692323059E+00  0.000000000000E+00  0.100000000000E-01  0.0000E+00  0.0000E+00  0.0000E+00  0.0000E+00
  list of objects:
** *****  ******************   ******************  ******************  *****************  **********
0  plane  0.100000000000E+01  0.000000000000E+00  0.000000000000E+00  0.600000000000E-01  0.0000E+00
** *****  ******************   ******************  ******************  *****************  **********
0  plane -0.100000000000E+01  0.000000000000E+00  0.000000000000E+00  0.600000000000E-01  0.0000E+00
** *****  ******************   ******************  ******************  *****************  **********
0  plane  0.000000000000E+00  0.100000000000E+01  0.000000000000E+00  0.242692323059E+00  0.0000E+00
** *****  ******************   ******************  ******************  *****************  **********
0  plane  0.000000000000E+00 -0.100000000000E+01  0.000000000000E+00  0.242692323059E+00  0.0000E+00
** *****  ******************   ******************  ******************  *****************  **********
0  plane  0.000000000000E+00  0.000000000000E+00  0.100000000000E+01  0.510000000000E+00  0.0000E+00
** *****  ******************   ******************  ******************  *****************  **********
0  plane  0.000000000000E+00  0.000000000000E+00 -0.100000000000E+01  0.510000000000E+00  0.0000E+00
** *****  ******************   ******************  ******************  *****************  **********
   bonded contacts (i,j):        19  geom
       1       2
       2       3
       3       4
       4       5
       5       6
       6       7
       7       8
       8       9
       9      10
      10      11
      11      12
      12      13
      13      14
      14      15
      15      16
      16      17
      17      18
      18      19
      19      20
