particles:      400 objects:        0 bonded_contacts:          0  mean_radius:   0.145394126326E+00
 -0.100533185610E+01 -0.100533185610E+01 -0.100533185610E+01  0.100533185610E+01  0.100533185610E+01  0.100533185610E+01
mat type  xcenter_mm          ycenter_mm          zcenter_mm          radius_mm           Temp_degC   ux_mmps     uy_mmps     uz_mmps
1  cu    -0.657340780598E+00 -0.639589750379E+00  0.612294458736E+00  0.151347979903E+00  0.0000E+00  0.0000E+00  0.0000E+00  0.0000E+00
1  cu     0.857409632063E+00 -0.731030937171E+00 -0.758419366089E+00  0.142082244158E+00  0.0000E+00  0.0000E+00  0.0000E+00  0.0000E+00
1  cu     0.131279595523E+00  0.912087567241E+00 -0.335175378268E-02  0.152323380112E+00  0.0000E+00  0.0000E+00  0.0000E+00  0.0000E+00
1  cu    -0.641266253190E+00 -0.664553513889E+00 -0.761602904168E+00  0.140878438950E+00  0.0000E+00  0.0000E+00  0.0000E+00  0.0000E+00
1  cu    -0.686206377977E+00 -0.438812517965E+00 -0.581160836118E+00  0.151777818799E+00  0.0000E+00  0.0000E+00  0.0000E+00  0.0000E+00
1  cu     0.244019354691E-01 -0.806313211624E+00  0.467335124098E+00  0.148365184664E+00  0.0000E+00  0.0000E+00  0.0000E+00  0.0000E+00
1  cu     0.685489344419E+00 -0.525551163453E+00  0.429287350307E-01  0.157057479024E+00  0.0000E+00  0.0000E+00  0.0000E+00  0.0000E+00
1  cu    -0.787908044411E+00 -0.853388501212E+00 -0.612123806224E+00  0.141304790973E+00  0.0000E+00  0.0000E+00  0.0000E+00  0.0000E+00
1  cu     0.685801177342E-01 -0.384107354469E+00  0.794851525466E+00  0.147582590580E+00  0.0000E+00  0.0000E+00  0.0000E+00  0.0000E+00
1  cu     0.649883414969E+00 -0.784510063328E+00  0.331229494809E+00  0.156480148435E+00  0.0000E+00  0.0000E+00  0.0000E+00  0.0000E+00
1  cu     0.601448330675E+00  0.784272915093E+00 -0.695417845572E+00  0.155422329902E+00  0.0000E+00  0.0000E+00  0.0000E+00  0.0000E+00
1  cu     0.900269377415E+00  0.715159806059E+00  0.901081714164E+00  0.156091436744E+00  0.0000E+00  0.0000E+00  0.0000E+00  0.0000E+00
1  cu    -0.331384769302E+00  0.268957415439E+00  0.422894692730E+00  0.141961485148E+00  0.0000E+00  0.0000E+00  0.0000E+00  0.0000E+00
1  cu    -0.826144127517E+00 -0.912567413184E+00  0.689907988245E-01  0.153356686234E+00  0.0000E+00  0.0000E+00  0.0000E+00  0.0000E+00
1  cu    -0.855810641013E-02 -0.651668823502E+00 -0.515897812556E+00  0.139419481159E+00  0.0000E+00  0.0000E+00  0.0000E+00  0.0000E+00
1  cu    -0.290470377317E+00 -0.927620036719E+00 -0.846673965952E+00  0.142069429159E+00  0.0000E+00  0.0000E+00  0.0000E+00  0.0000E+00
1  cu    -0.128835609874E+00 -0.556037536160E+00  0.108687797195E+00  0.142353400588E+00  0.0000E+00  0.0000E+00  0.0000E+00  0.0000E+00
1  cu    -0.543394100613E+00 -0.331363959860E+00  0.697356508822E+00  0.143540099263E+00  0.0000E+00  0.0000E+00  0.0000E+00  0.0000E+00
1  cu     0.681598580317E+00  0.826226554682E-01  0.615623326705E+00  0.137415379286E+00  0.0000E+00  0.0000E+00  0.0000E+00  0.0000E+00
1  cu     0.835751512915E+00  0.213004471433E+00 -0.131508781861E+00  0.151068612933E+00  0.0000E+00  0.0000E+00  0.0000E+00  0.0000E+00
1  cu     0.347931347105E+00 -0.320869532056E+00  0.705657683697E+00  0.152716308832E+00  0.0000E+00  0.0000E+00  0.0000E+00  0.0000E+00
1  cu    -0.940532193634E+00  0.468274820155E-01 -0.575678658851E+00  0.154352188110E+00  0.0000E+00  0.0000E+00  0.0000E+00  0.0000E+00
1  cu     0.750046385748E+00 -0.178762733889E+00  0.538101294272E+00  0.143881931901E+00  0.0000E+00  0.0000E+00  0.0000E+00  0.0000E+00
1  cu    -0.210965699513E+00 -0.121162696114E+00  0.413941638753E+00  0.140444383025E+00  0.0000E+00  0.0000E+00  0.0000E+00  0.0000E+00
1  cu    -0.522920173515E+00  0.140179546759E+00  0.587613529026E+00  0.142052471638E+00  0.0000E+00  0.0000E+00  0.0000E+00  0.0000E+00
1  cu    -0.781020871163E+00  0.285955813702E+00 -0.466422340793E+00  0.153246358037E+00  0.0000E+00  0.0000E+00  0.0000E+00  0.0000E+00
1  cu    -0.661513424746E+00  0.918781174261E+00 -0.505353488914E+00  0.149127244949E+00  0.0000E+00  0.0000E+00  0.0000E+00  0.0000E+00
1  cu    -0.175770148092E+00  0.159925570963E+00 -0.589443035987E+00  0.156356513500E+00  0.0000E+00  0.0000E+00  0.0000E+00  0.0000E+00
1  cu     0.196957630173E+00 -0.741216154082E-01  0.499867589098E+00  0.144106894732E+00  0.0000E+00  0.0000E+00  0.0000E+00  0.0000E+00
1  cu    -0.691952543081E+00 -0.219976209629E+00 -0.784649835377E+00  0.147322431206E+00  0.0000E+00  0.0000E+00  0.0000E+00  0.0000E+00
1  cu    -0.825394291855E+00  0.577270790354E+00  0.819381891088E+00  0.156476378441E+00  0.0000E+00  0.0000E+00  0.0000E+00  0.0000E+00
1  cu     0.232990413238E+00 -0.163634585433E+00 -0.377380116918E+00  0.144828006625E+00  0.0000E+00  0.0000E+00  0.0000E+00  0.0000E+00
1  cu     0.951405657968E+00 -0.958446681519E-01  0.315816380752E+00  0.155458331108E+00  0.0000E+00  0.0000E+00  0.0000E+00  0.0000E+00
1  cu    -0.772566878094E+00  0.404290993129E+00 -0.199509055118E+00  0.138906091452E+00  0.0000E+00  0.0000E+00  0.0000E+00  0.0000E+00
1  cu    -0.279649649999E+00  0.501744814386E+00 -0.476325964262E+00  0.146218597889E+00  0.0000E+00  0.0000E+00  0.0000E+00  0.0000E+00
1  cu     0.966046444856E+00 -0.349723902911E+00 -0.108568373389E+00  0.154155090451E+00  0.0000E+00  0.0000E+00  0.0000E+00  0.0000E+00
1  cu     0.425329586735E+00  0.685990821622E+00  0.849800229564E+00  0.143121361733E+00  0.0000E+00  0.0000E+00  0.0000E+00  0.0000E+00
1  cu    -0.751974204883E+00 -0.678298829948E-01 -0.906890072465E-01  0.146313354373E+00  0.0000E+00  0.0000E+00  0.0000E+00  0.0000E+00
1  cu     0.315321185835E+00 -0.304523487773E+00 -0.646006937952E+00  0.153798297048E+00  0.0000E+00  0.0000E+00  0.0000E+00  0.0000E+00
1  cu    -0.145769510219E+00  0.558584592926E+00  0.686200167015E-01  0.144220173359E+00  0.0000E+00  0.0000E+00  0.0000E+00  0.0000E+00
1  cu    -0.576762083178E+00 -0.747832256425E+00 -0.198346056366E+00  0.152018979192E+00  0.0000E+00  0.0000E+00  0.0000E+00  0.0000E+00
1  cu    -0.163293934744E+00 -0.805514444421E+00 -0.326085134309E+00  0.149871021509E+00  0.0000E+00  0.0000E+00  0.0000E+00  0.0000E+00
1  cu     0.859973551792E+00 -0.347012646118E+00  0.758839450865E+00  0.154849022627E+00  0.0000E+00  0.0000E+00  0.0000E+00  0.0000E+00
1  cu     0.223356690022E+00 -0.649178653992E+00 -0.322915944648E+00  0.150346741081E+00  0.0000E+00  0.0000E+00  0.0000E+00  0.0000E+00
1  cu     0.737139664801E+00  0.367716972761E+00  0.587990041678E+00  0.154589742422E+00  0.0000E+00  0.0000E+00  0.0000E+00  0.0000E+00
1  cu     0.761649514586E+00  0.450423137182E+00  0.509092379883E-01  0.157543316484E+00  0.0000E+00  0.0000E+00  0.0000E+00  0.0000E+00
1  cu    -0.261983892525E+00  0.637533659910E+00 -0.729142259457E+00  0.141440972686E+00  0.0000E+00  0.0000E+00  0.0000E+00  0.0000E+00
1  cu     0.498617976042E+00 -0.797384759990E+00  0.985894126649E+00  0.138285174966E+00  0.0000E+00  0.0000E+00  0.0000E+00  0.0000E+00
1  cu     0.658113251512E+00  0.824504278262E+00  0.737741734547E+00  0.150057569146E+00  0.0000E+00  0.0000E+00  0.0000E+00  0.0000E+00
1  cu     0.396657711224E+00 -0.957004310203E+00  0.267306473830E+00  0.156008809805E+00  0.0000E+00  0.0000E+00  0.0000E+00  0.0000E+00
1  cu     0.648423609306E+00 -0.831682361360E+00  0.266154895514E-01  0.151907414198E+00  0.0000E+00  0.0000E+00  0.0000E+00  0.0000E+00
1  cu    -0.261194703769E+00 -0.834967619701E+00  0.901500411943E+00  0.137870430947E+00  0.0000E+00  0.0000E+00  0.0000E+00  0.0000E+00
1  cu     0.873152877689E+00  0.727519995774E+00 -0.295641504522E+00  0.157629907131E+00  0.0000E+00  0.0000E+00  0.0000E+00  0.0000E+00
1  cu     0.676277523946E+00  0.264515997952E+00  0.859258581771E+00  0.142047584057E+00  0.0000E+00  0.0000E+00  0.0000E+00  0.0000E+00
1  cu     0.791428033484E+00 -0.860916827238E+00  0.579470261875E+00  0.139540672302E+00  0.0000E+00  0.0000E+00  0.0000E+00  0.0000E+00
1  cu    -0.407537384794E-01 -0.769581150256E+00 -0.603524768304E-01  0.144109144807E+00  0.0000E+00  0.0000E+00  0.0000E+00  0.0000E+00
1  cu    -0.949172867932E+00  0.519714199687E+00 -0.401188879512E+00  0.142163634300E+00  0.0000E+00  0.0000E+00  0.0000E+00  0.0000E+00
1  cu     0.517929047999E+00 -0.966099047749E+00  0.553162577815E+00  0.154785618186E+00  0.0000E+00  0.0000E+00  0.0000E+00  0.0000E+00
1  cu    -0.889235915580E+00 -0.162484448987E-01  0.931275593413E+00  0.148561075330E+00  0.0000E+00  0.0000E+00  0.0000E+00  0.0000E+00
1  cu     0.235215916716E+00 -0.162703587379E+00 -0.120253976222E-01  0.147808164358E+00  0.0000E+00  0.0000E+00  0.0000E+00  0.0000E+00
1  cu     0.988571884345E+00  0.506719270684E+00 -0.898604802630E+00  0.138487264514E+00  0.0000E+00  0.0000E+00  0.0000E+00  0.0000E+00
1  cu    -0.381950025989E+00  0.384578902475E+00  0.695222374984E-01  0.149290516973E+00  0.0000E+00  0.0000E+00  0.0000E+00  0.0000E+00
1  cu     0.665950333553E+00  0.265369844048E-01 -0.100406166472E+01  0.138171389699E+00  0.0000E+00  0.0000E+00  0.0000E+00  0.0000E+00
1  cu     0.573263812193E+00  0.607173708439E+00 -0.444897431861E+00  0.146424889565E+00  0.0000E+00  0.0000E+00  0.0000E+00  0.0000E+00
1  cu    -0.276239822384E+00 -0.831132598434E+00  0.132266666705E+00  0.151110142469E+00  0.0000E+00  0.0000E+00  0.0000E+00  0.0000E+00
1  cu    -0.611506440987E+00  0.523013463587E+00 -0.401375823506E+00  0.145393252373E+00  0.0000E+00  0.0000E+00  0.0000E+00  0.0000E+00
1  cu*    0.120865308230E-02  0.487817657496E-01  0.324773193589E+00  0.145985782146E+00  0.0000E+00  0.0000E+00  0.0000E+00  0.0000E+00
1  cu    -0.164021059118E+00  0.525336231891E+00  0.585211250735E+00  0.139070570469E+00  0.0000E+00  0.0000E+00  0.0000E+00  0.0000E+00
1  cu     0.598457877784E+00 -0.178664912095E+00  0.785732381749E+00  0.146593049168E+00  0.0000E+00  0.0000E+00  0.0000E+00  0.0000E+00
1  cu    -0.339803076062E+00  0.698613275253E+00  0.726130788373E+00  0.145266354084E+00  0.0000E+00  0.0000E+00  0.0000E+00  0.0000E+00
1  cu    -0.585281680197E+00 -0.469631236650E+00 -0.303219679718E+00  0.145809799433E+00  0.0000E+00  0.0000E+00  0.0000E+00  0.0000E+00
1  cu     0.231946982843E+00  0.305579883188E+00 -0.136479349033E+00  0.145831391216E+00  0.0000E+00  0.0000E+00  0.0000E+00  0.0000E+00
1  cu    -0.852387147583E+00 -0.560227362426E+00  0.398995702953E+00  0.148555397988E+00  0.0000E+00  0.0000E+00  0.0000E+00  0.0000E+00
1  cu    -0.141755894450E+00 -0.645266677925E+00 -0.819461575619E+00  0.154650732875E+00  0.0000E+00  0.0000E+00  0.0000E+00  0.0000E+00
1  cu     0.832302375134E+00  0.714052524304E-01 -0.754159425102E+00  0.144119232893E+00  0.0000E+00  0.0000E+00  0.0000E+00  0.0000E+00
1  cu    -0.512255904004E+00 -0.913611446965E+00  0.484922085685E+00  0.157240211963E+00  0.0000E+00  0.0000E+00  0.0000E+00  0.0000E+00
1  cu    -0.853802041175E+00 -0.644066115638E+00 -0.704012694373E-01  0.150613069534E+00  0.0000E+00  0.0000E+00  0.0000E+00  0.0000E+00
1  cu    -0.114163926532E+00 -0.387410124122E+00  0.347733331560E+00  0.150700047612E+00  0.0000E+00  0.0000E+00  0.0000E+00  0.0000E+00
1  cu     0.749664167015E-01  0.701546770668E+00  0.567973328452E+00  0.142462208867E+00  0.0000E+00  0.0000E+00  0.0000E+00  0.0000E+00
1  cu     0.118052523651E+00  0.165030811158E+00 -0.643756893889E+00  0.142673119903E+00  0.0000E+00  0.0000E+00  0.0000E+00  0.0000E+00
1  cu     0.927378558720E+00 -0.771897636827E+00  0.905221352932E-01  0.140674963594E+00  0.0000E+00  0.0000E+00  0.0000E+00  0.0000E+00
1  cu    -0.620872662585E+00 -0.155501442974E+00  0.154032136464E+00  0.144939452410E+00  0.0000E+00  0.0000E+00  0.0000E+00  0.0000E+00
1  cu     0.389916799484E+00  0.256938681065E+00 -0.597200538967E+00  0.148200392723E+00  0.0000E+00  0.0000E+00  0.0000E+00  0.0000E+00
1  cu     0.327503472658E+00 -0.601873963325E+00 -0.591230645214E+00  0.141579672694E+00  0.0000E+00  0.0000E+00  0.0000E+00  0.0000E+00
1  cu    -0.297633840803E+00 -0.744702083144E+00  0.628969395813E+00  0.151809081435E+00  0.0000E+00  0.0000E+00  0.0000E+00  0.0000E+00
1  cu    -0.870955642629E+00  0.477688814748E+00 -0.667781620579E+00  0.139071539045E+00  0.0000E+00  0.0000E+00  0.0000E+00  0.0000E+00
1  cu    -0.962202728553E+00  0.414421408333E+00  0.569381097185E+00  0.153922364116E+00  0.0000E+00  0.0000E+00  0.0000E+00  0.0000E+00
1  cu     0.179846545075E+00  0.737156941458E-02 -0.927904842893E+00  0.148400872946E+00  0.0000E+00  0.0000E+00  0.0000E+00  0.0000E+00
1  cu    -0.639232383417E-01  0.320974856468E+00 -0.920539163342E-01  0.154124200344E+00  0.0000E+00  0.0000E+00  0.0000E+00  0.0000E+00
1  cu     0.567305387725E-01 -0.181458314289E+00 -0.737316506730E+00  0.146827057004E+00  0.0000E+00  0.0000E+00  0.0000E+00  0.0000E+00
1  cu     0.732153049394E+00 -0.178795604861E+00 -0.181450974919E+00  0.144697323441E+00  0.0000E+00  0.0000E+00  0.0000E+00  0.0000E+00
1  cu     0.552272636993E+00 -0.370513656401E+00  0.996736338659E+00  0.142455950380E+00  0.0000E+00  0.0000E+00  0.0000E+00  0.0000E+00
1  cu     0.500914866807E-01  0.718089448564E+00  0.200621409025E+00  0.140852272511E+00  0.0000E+00  0.0000E+00  0.0000E+00  0.0000E+00
1  cu     0.122803033754E+00  0.639752041918E+00 -0.795928914100E+00  0.154089897871E+00  0.0000E+00  0.0000E+00  0.0000E+00  0.0000E+00
1  cu     0.808366198350E+00 -0.556533804715E+00 -0.534233192874E+00  0.146384865045E+00  0.0000E+00  0.0000E+00  0.0000E+00  0.0000E+00
1  cu     0.579547239188E+00  0.891263732180E+00  0.841323296095E-01  0.149723827839E+00  0.0000E+00  0.0000E+00  0.0000E+00  0.0000E+00
1  cu    -0.145426023489E+00 -0.112956202054E-01 -0.251349420197E+00  0.141295850277E+00  0.0000E+00  0.0000E+00  0.0000E+00  0.0000E+00
1  cu     0.630658521865E+00  0.691828154715E+00 -0.122948185330E+00  0.142403870821E+00  0.0000E+00  0.0000E+00  0.0000E+00  0.0000E+00
1  cu     0.646081887614E+00 -0.403447729224E+00  0.328650807788E+00  0.156194612384E+00  0.0000E+00  0.0000E+00  0.0000E+00  0.0000E+00
1  cu    -0.533722800566E+00 -0.849812396619E+00  0.778033709731E+00  0.143651470542E+00  0.0000E+00  0.0000E+00  0.0000E+00  0.0000E+00
1  cu    -0.618661076237E+00  0.869179482534E+00  0.340811133822E-01  0.157614335418E+00  0.0000E+00  0.0000E+00  0.0000E+00  0.0000E+00
1  cu     0.308184930291E+00  0.117761730123E+00 -0.348999352110E+00  0.148037672043E+00  0.0000E+00  0.0000E+00  0.0000E+00  0.0000E+00
1  cu     0.422230091029E+00  0.385116452349E+00 -0.338068644084E+00  0.142894119024E+00  0.0000E+00  0.0000E+00  0.0000E+00  0.0000E+00
1  cu    -0.481858189192E+00 -0.223841080635E+00 -0.581625378898E+00  0.145070090890E+00  0.0000E+00  0.0000E+00  0.0000E+00  0.0000E+00
1  cu    -0.307494189491E+00  0.783836524785E+00 -0.445416877759E-01  0.155600175261E+00  0.0000E+00  0.0000E+00  0.0000E+00  0.0000E+00
1  cu     0.829805200541E+00  0.884061690000E+00 -0.541756155227E+00  0.137472763657E+00  0.0000E+00  0.0000E+00  0.0000E+00  0.0000E+00
1  cu    -0.778326762807E+00 -0.917981257860E+00  0.626854786669E+00  0.144376978278E+00  0.0000E+00  0.0000E+00  0.0000E+00  0.0000E+00
1  cu    -0.402225188788E+00  0.801278279443E-01 -0.787712137826E+00  0.155332311988E+00  0.0000E+00  0.0000E+00  0.0000E+00  0.0000E+00
1  cu     0.208831049664E+00 -0.607678364968E+00  0.668429768883E+00  0.143305242061E+00  0.0000E+00  0.0000E+00  0.0000E+00  0.0000E+00
1  cu    -0.836307280851E+00 -0.750809959301E+00 -0.347374560225E+00  0.146952405572E+00  0.0000E+00  0.0000E+00  0.0000E+00  0.0000E+00
1  cu    -0.780273394279E+00 -0.143117663333E+00  0.391068953944E+00  0.137512892484E+00  0.0000E+00  0.0000E+00  0.0000E+00  0.0000E+00
1  cu     0.407916933599E+00 -0.408649543089E+00 -0.369002114703E+00  0.156510800123E+00  0.0000E+00  0.0000E+00  0.0000E+00  0.0000E+00
1  cu    -0.818770480997E+00 -0.339634334876E+00  0.597130040121E+00  0.149894952774E+00  0.0000E+00  0.0000E+00  0.0000E+00  0.0000E+00
1  cu    -0.126276142608E-01  0.695105756451E+00 -0.152365501837E+00  0.147797927261E+00  0.0000E+00  0.0000E+00  0.0000E+00  0.0000E+00
1  cu     0.522488368833E+00 -0.772396976522E+00 -0.734230213870E+00  0.154381617903E+00  0.0000E+00  0.0000E+00  0.0000E+00  0.0000E+00
1  cu    -0.381532974613E+00  0.348364300505E-01 -0.407449758745E+00  0.145539239049E+00  0.0000E+00  0.0000E+00  0.0000E+00  0.0000E+00
1  cu     0.284835621581E+00  0.398929616498E+00 -0.821526296806E+00  0.137591272593E+00  0.0000E+00  0.0000E+00  0.0000E+00  0.0000E+00
1  cu    -0.737388822666E+00  0.627980808717E+00  0.242672976988E+00  0.141360670328E+00  0.0000E+00  0.0000E+00  0.0000E+00  0.0000E+00
1  cu    -0.234124120941E+00  0.759575005447E+00 -0.339417160237E+00  0.149325117469E+00  0.0000E+00  0.0000E+00  0.0000E+00  0.0000E+00
1  cu     0.384105769891E+00  0.547545035024E+00 -0.581133139508E-01  0.150807276368E+00  0.0000E+00  0.0000E+00  0.0000E+00  0.0000E+00
1  cu     0.411883135163E+00 -0.885540448194E+00 -0.325705124571E+00  0.148903131485E+00  0.0000E+00  0.0000E+00  0.0000E+00  0.0000E+00
1  cu    -0.512228296346E+00  0.294520890874E+00 -0.957789226217E+00  0.139682248235E+00  0.0000E+00  0.0000E+00  0.0000E+00  0.0000E+00
1  cu    -0.933229133522E+00 -0.144242109818E+00 -0.301442593916E+00  0.142174780369E+00  0.0000E+00  0.0000E+00  0.0000E+00  0.0000E+00
1  cu     0.758242063245E+00  0.892623211751E+00  0.473707416138E+00  0.140552833677E+00  0.0000E+00  0.0000E+00  0.0000E+00  0.0000E+00
1  cu    -0.560436703668E+00  0.700599571097E-01  0.871516047619E+00  0.153156638146E+00  0.0000E+00  0.0000E+00  0.0000E+00  0.0000E+00
1  cu     0.203510335893E+00  0.451329704386E+00  0.580510970121E+00  0.139328062535E+00  0.0000E+00  0.0000E+00  0.0000E+00  0.0000E+00
1  cu    -0.462119876082E+00  0.843921235856E+00 -0.792921144498E+00  0.153162911535E+00  0.0000E+00  0.0000E+00  0.0000E+00  0.0000E+00
1  cu     0.187217381928E+00  0.268964193360E+00  0.362920744091E+00  0.145095720887E+00  0.0000E+00  0.0000E+00  0.0000E+00  0.0000E+00
1  cu     0.255072368069E+00  0.878989225214E+00 -0.378023677597E+00  0.147675827146E+00  0.0000E+00  0.0000E+00  0.0000E+00  0.0000E+00
1  cu     0.180807158694E+00  0.174243037534E+00  0.652681814519E+00  0.148135870695E+00  0.0000E+00  0.0000E+00  0.0000E+00  0.0000E+00
1  cu    -0.172070837149E+00 -0.354721276141E+00 -0.873087811747E+00  0.142641171813E+00  0.0000E+00  0.0000E+00  0.0000E+00  0.0000E+00
1  cu    -0.238843087788E+00  0.265760714634E+00 -0.320923246850E+00  0.139423176646E+00  0.0000E+00  0.0000E+00  0.0000E+00  0.0000E+00
1  cu     0.376160285203E+00 -0.570872446686E+00 -0.902823377617E+00  0.146724104882E+00  0.0000E+00  0.0000E+00  0.0000E+00  0.0000E+00
1  cu    -0.625110218083E+00 -0.875073987403E+00 -0.950260936519E+00  0.142297685147E+00  0.0000E+00  0.0000E+00  0.0000E+00  0.0000E+00
1  cu    -0.431173806502E+00  0.962295246811E+00  0.951846455767E+00  0.139691248536E+00  0.0000E+00  0.0000E+00  0.0000E+00  0.0000E+00
1  cu     0.350748589568E+00  0.794085287512E+00  0.589426758019E+00  0.148606777191E+00  0.0000E+00  0.0000E+00  0.0000E+00  0.0000E+00
1  cu    -0.305278650588E+00 -0.535244440894E+00 -0.379431236293E+00  0.151924178005E+00  0.0000E+00  0.0000E+00  0.0000E+00  0.0000E+00
1  cu    -0.126861808054E+00  0.295239659753E+00  0.209358602245E+00  0.155166298151E+00  0.0000E+00  0.0000E+00  0.0000E+00  0.0000E+00
1  cu     0.666573822726E+00 -0.905013534693E+00 -0.515900426819E+00  0.139275684953E+00  0.0000E+00  0.0000E+00  0.0000E+00  0.0000E+00
1  cu    -0.289833449603E+00 -0.747078030530E+00 -0.583063885553E+00  0.142532944680E+00  0.0000E+00  0.0000E+00  0.0000E+00  0.0000E+00
1  cu    -0.347016454136E+00 -0.465155316113E+00  0.523385740521E+00  0.151332259178E+00  0.0000E+00  0.0000E+00  0.0000E+00  0.0000E+00
1  cu    -0.246040607984E-01  0.115231505011E+00  0.883907667703E+00  0.154153019190E+00  0.0000E+00  0.0000E+00  0.0000E+00  0.0000E+00
1  cu    -0.254549867618E+00 -0.225595568766E+00  0.135919252259E+00  0.150802478194E+00  0.0000E+00  0.0000E+00  0.0000E+00  0.0000E+00
1  cu    -0.824616440440E+00  0.349451267234E+00  0.293565218962E+00  0.154998213053E+00  0.0000E+00  0.0000E+00  0.0000E+00  0.0000E+00
1  cu    -0.852382343957E+00 -0.471136916060E+00 -0.837645208244E+00  0.155636936426E+00  0.0000E+00  0.0000E+00  0.0000E+00  0.0000E+00
1  cu    -0.626158653538E-01  0.658080434450E+00  0.823975415062E+00  0.151602312923E+00  0.0000E+00  0.0000E+00  0.0000E+00  0.0000E+00
1  cu    -0.333360509669E+00  0.617279441676E-01  0.208897570992E+00  0.156148746610E+00  0.0000E+00  0.0000E+00  0.0000E+00  0.0000E+00
1  cu     0.216397830570E+00 -0.657039422089E+00 -0.350243408167E-01  0.137963220477E+00  0.0000E+00  0.0000E+00  0.0000E+00  0.0000E+00
1  cu    -0.659753006162E+00  0.655296215625E+00 -0.692185276487E+00  0.138189658523E+00  0.0000E+00  0.0000E+00  0.0000E+00  0.0000E+00
1  cu     0.937734885380E+00  0.259632594569E+00 -0.406406051124E+00  0.146038606763E+00  0.0000E+00  0.0000E+00  0.0000E+00  0.0000E+00
1  cu    -0.302332488453E-02 -0.792458737747E+00  0.769405907399E+00  0.155419498682E+00  0.0000E+00  0.0000E+00  0.0000E+00  0.0000E+00
1  cu     0.381650805063E+00 -0.462472564396E+00  0.450541766933E+00  0.141110688448E+00  0.0000E+00  0.0000E+00  0.0000E+00  0.0000E+00
1  cu     0.479493473644E+00 -0.202631082441E+00  0.160752157321E+00  0.154170095920E+00  0.0000E+00  0.0000E+00  0.0000E+00  0.0000E+00
1  cu     0.630909046947E+00  0.267602355628E+00  0.257032632273E+00  0.147571191192E+00  0.0000E+00  0.0000E+00  0.0000E+00  0.0000E+00
1  cu    -0.955164633233E+00 -0.328149189311E+00 -0.598316328632E+00  0.139722898603E+00  0.0000E+00  0.0000E+00  0.0000E+00  0.0000E+00
1  cu    -0.708292908587E+00  0.600680671558E+00  0.526053480065E+00  0.144993260503E+00  0.0000E+00  0.0000E+00  0.0000E+00  0.0000E+00
1  cu    -0.448861876196E+00  0.722487471800E+00  0.451641446063E+00  0.151295676828E+00  0.0000E+00  0.0000E+00  0.0000E+00  0.0000E+00
1  cu     0.708776289733E+00 -0.917842225947E+00  0.843443183495E+00  0.142926022411E+00  0.0000E+00  0.0000E+00  0.0000E+00  0.0000E+00
1  cu    -0.854646576564E-01 -0.896212741977E-02  0.364463193370E-01  0.141248300671E+00  0.0000E+00  0.0000E+00  0.0000E+00  0.0000E+00
1  cu    -0.268335419127E-01  0.957126668292E+00 -0.417464114627E+00  0.147739440202E+00  0.0000E+00  0.0000E+00  0.0000E+00  0.0000E+00
1  cu    -0.532863518514E+00  0.598363988945E+00 -0.113077409411E+00  0.144452854991E+00  0.0000E+00  0.0000E+00  0.0000E+00  0.0000E+00
1  cu    -0.802827567838E+00  0.139206423239E+00  0.510801163143E+00  0.148383006453E+00  0.0000E+00  0.0000E+00  0.0000E+00  0.0000E+00
1  cu     0.592602761137E+00  0.885603879050E+00 -0.340736749233E+00  0.151763081551E+00  0.0000E+00  0.0000E+00  0.0000E+00  0.0000E+00
1  cu    -0.866746367160E+00  0.805711037028E+00  0.638718791966E+00  0.137875780463E+00  0.0000E+00  0.0000E+00  0.0000E+00  0.0000E+00
1  cu     0.889096604541E+00  0.782922659782E+00 -0.807809291114E+00  0.153472855687E+00  0.0000E+00  0.0000E+00  0.0000E+00  0.0000E+00
1  cu    -0.566988602964E+00 -0.441845974331E+00 -0.929892988816E+00  0.145986229182E+00  0.0000E+00  0.0000E+00  0.0000E+00  0.0000E+00
1  cu     0.466476356900E+00 -0.184510203162E+00  0.463503656071E+00  0.149486348033E+00  0.0000E+00  0.0000E+00  0.0000E+00  0.0000E+00
1  cu    -0.513870572238E-01 -0.894607090434E+00 -0.668527631411E+00  0.150795832277E+00  0.0000E+00  0.0000E+00  0.0000E+00  0.0000E+00
1  cu     0.963436241789E+00 -0.491618834392E-01 -0.466090616376E-01  0.152915641666E+00  0.0000E+00  0.0000E+00  0.0000E+00  0.0000E+00
1  cu    -0.603986883931E+00 -0.375307975438E+00  0.385340735522E+00  0.154127538204E+00  0.0000E+00  0.0000E+00  0.0000E+00  0.0000E+00
1  cu     0.970151537928E+00 -0.488552456975E+00  0.169499918576E+00  0.156765431166E+00  0.0000E+00  0.0000E+00  0.0000E+00  0.0000E+00
1  cu     0.821260653800E+00  0.100269251236E+01  0.215788359044E+00  0.146864697337E+00  0.0000E+00  0.0000E+00  0.0000E+00  0.0000E+00
1  cu    -0.785349216931E+00  0.739827106229E+00 -0.299606168573E+00  0.150618463754E+00  0.0000E+00  0.0000E+00  0.0000E+00  0.0000E+00
1  cu    -0.556706748846E+00 -0.891320721983E+00  0.183778519463E+00  0.140512749553E+00  0.0000E+00  0.0000E+00  0.0000E+00  0.0000E+00
1  cu     0.778369731110E+00 -0.237684934949E+00  0.105412404698E+00  0.151971504092E+00  0.0000E+00  0.0000E+00  0.0000E+00  0.0000E+00
1  cu     0.857224454732E+00 -0.417249129760E+00 -0.794940271830E+00  0.153507202864E+00  0.0000E+00  0.0000E+00  0.0000E+00  0.0000E+00
1  cu    -0.378916688543E+00 -0.912640703234E-01  0.685889258697E+00  0.147912144661E+00  0.0000E+00  0.0000E+00  0.0000E+00  0.0000E+00
1  cu    -0.117411985724E-01 -0.255156971313E+00 -0.270415669634E+00  0.137525558471E+00  0.0000E+00  0.0000E+00  0.0000E+00  0.0000E+00
1  cu    -0.496330640780E+00  0.320608240416E+00 -0.201817804778E+00  0.149780809879E+00  0.0000E+00  0.0000E+00  0.0000E+00  0.0000E+00
1  cu    -0.233805493718E+00  0.252068845746E+00 -0.962327243851E+00  0.142105042934E+00  0.0000E+00  0.0000E+00  0.0000E+00  0.0000E+00
1  cu    -0.923323117536E+00  0.843804786737E+00  0.196102079770E+00  0.147317290306E+00  0.0000E+00  0.0000E+00  0.0000E+00  0.0000E+00
1  cu    -0.330323752401E+00  0.982158747546E+00  0.691036875836E+00  0.140755429864E+00  0.0000E+00  0.0000E+00  0.0000E+00  0.0000E+00
1  cu     0.520836123950E+00  0.797297073834E+00  0.353967562274E+00  0.142066597938E+00  0.0000E+00  0.0000E+00  0.0000E+00  0.0000E+00
1  cu     0.309359627336E-02  0.381115780313E+00  0.761755349775E+00  0.140017822385E+00  0.0000E+00  0.0000E+00  0.0000E+00  0.0000E+00
1  cu     0.531229300016E+00  0.490132767551E+00 -0.711077706093E+00  0.147487550974E+00  0.0000E+00  0.0000E+00  0.0000E+00  0.0000E+00
1  cu     0.596473337949E+00  0.114798671182E+00 -0.304281909599E+00  0.143823146820E+00  0.0000E+00  0.0000E+00  0.0000E+00  0.0000E+00
1  cu     0.427377171576E+00 -0.677482950051E+00  0.155199018906E+00  0.146931052208E+00  0.0000E+00  0.0000E+00  0.0000E+00  0.0000E+00
1  cu    -0.174219412093E+00 -0.562919520098E+00  0.870456877520E+00  0.147707045078E+00  0.0000E+00  0.0000E+00  0.0000E+00  0.0000E+00
1  cu     0.185313421643E+00 -0.872702931509E+00 -0.502840384591E+00  0.139196842909E+00  0.0000E+00  0.0000E+00  0.0000E+00  0.0000E+00
1  cu     0.434507660765E+00  0.407106319443E+00  0.421705607898E+00  0.144515603780E+00  0.0000E+00  0.0000E+00  0.0000E+00  0.0000E+00
1  cu     0.918895550631E+00 -0.615045791511E+00 -0.260065516353E+00  0.155282348395E+00  0.0000E+00  0.0000E+00  0.0000E+00  0.0000E+00
1  cu    -0.986127766136E+00 -0.569422738403E+00  0.655181271384E+00  0.140650480986E+00  0.0000E+00  0.0000E+00  0.0000E+00  0.0000E+00
1  cu    -0.433966138488E+00  0.455754251056E+00  0.608418250168E+00  0.140711888671E+00  0.0000E+00  0.0000E+00  0.0000E+00  0.0000E+00
1  cu    -0.742190912037E+00 -0.476019256103E+00  0.142640007044E+00  0.143091917038E+00  0.0000E+00  0.0000E+00  0.0000E+00  0.0000E+00
1  cu     0.235919770427E+00  0.239454300889E+00  0.925022202945E+00  0.137475118041E+00  0.0000E+00  0.0000E+00  0.0000E+00  0.0000E+00
1  cu    -0.156024972515E+00  0.783113776521E+00  0.406050768842E+00  0.151292636990E+00  0.0000E+00  0.0000E+00  0.0000E+00  0.0000E+00
1  cu    -0.499013204971E+00 -0.923717419696E-01  0.414132641520E+00  0.149380743504E+00  0.0000E+00  0.0000E+00  0.0000E+00  0.0000E+00
1  cu    -0.156876034594E+00 -0.275862641337E+00  0.645939460818E+00  0.143803477288E+00  0.0000E+00  0.0000E+00  0.0000E+00  0.0000E+00
1  cu    -0.889508587147E+00 -0.772313993487E+00 -0.877996208121E+00  0.150556609034E+00  0.0000E+00  0.0000E+00  0.0000E+00  0.0000E+00
1  cu     0.109505588240E+00 -0.213989823379E+00  0.258226596058E+00  0.146347105503E+00  0.0000E+00  0.0000E+00  0.0000E+00  0.0000E+00
1  cu     0.819086808549E+00 -0.181892813006E+00 -0.624532825634E+00  0.139599844813E+00  0.0000E+00  0.0000E+00  0.0000E+00  0.0000E+00
1  cu    -0.554872049211E+00 -0.177352966754E+00 -0.301390097039E+00  0.148383378983E+00  0.0000E+00  0.0000E+00  0.0000E+00  0.0000E+00
1  cu     0.721250499853E+00 -0.636896891812E+00  0.783304485811E+00  0.144696995616E+00  0.0000E+00  0.0000E+00  0.0000E+00  0.0000E+00
1  cu     0.724859494900E+00 -0.977251120026E+00 -0.794881843371E+00  0.139996722341E+00  0.0000E+00  0.0000E+00  0.0000E+00  0.0000E+00
1  cu     0.452995110049E+00 -0.110719944034E+00 -0.199193594875E+00  0.143411993981E+00  0.0000E+00  0.0000E+00  0.0000E+00  0.0000E+00
1  cu     0.191133921965E+00 -0.823098216940E-01  0.800336641193E+00  0.148251429200E+00  0.0000E+00  0.0000E+00  0.0000E+00  0.0000E+00
1  cu     0.435177368552E+00  0.161210821405E+00 -0.890773021488E+00  0.152209252119E+00  0.0000E+00  0.0000E+00  0.0000E+00  0.0000E+00
1  cu    -0.134242082217E+00 -0.402273824593E+00 -0.587961525548E+00  0.149047657847E+00  0.0000E+00  0.0000E+00  0.0000E+00  0.0000E+00
1  cu    -0.615169467716E+00  0.709046085299E-01 -0.581078045452E+00  0.141586363316E+00  0.0000E+00  0.0000E+00  0.0000E+00  0.0000E+00
1  cu    -0.405031285576E+00 -0.494606609639E+00 -0.684350001513E+00  0.153016984463E+00  0.0000E+00  0.0000E+00  0.0000E+00  0.0000E+00
1  cu    -0.911891122613E+00  0.755340246508E+00 -0.585465016859E+00  0.153571531176E+00  0.0000E+00  0.0000E+00  0.0000E+00  0.0000E+00
1  cu     0.525351713793E+00  0.560437270463E+00  0.197772501413E+00  0.141945093870E+00  0.0000E+00  0.0000E+00  0.0000E+00  0.0000E+00
1  cu     0.891855790329E+00  0.160854048470E+00  0.160324935638E+00  0.150730729103E+00  0.0000E+00  0.0000E+00  0.0000E+00  0.0000E+00
1  cu    -0.321671596497E-01 -0.171173571148E+00  0.967228487886E+00  0.144499063492E+00  0.0000E+00  0.0000E+00  0.0000E+00  0.0000E+00
1  cu    -0.901931146341E+00  0.141711242509E+00 -0.212045892164E+00  0.138583168388E+00  0.0000E+00  0.0000E+00  0.0000E+00  0.0000E+00
1  cu    -0.270717339034E+00  0.935269522710E+00 -0.580960257213E+00  0.146747887134E+00  0.0000E+00  0.0000E+00  0.0000E+00  0.0000E+00
1  cu     0.272806433180E+00 -0.424580591247E+00  0.126880877598E+00  0.151157930493E+00  0.0000E+00  0.0000E+00  0.0000E+00  0.0000E+00
1  cu    -0.206054638587E-01  0.684499056079E+00 -0.533213346499E+00  0.148753389716E+00  0.0000E+00  0.0000E+00  0.0000E+00  0.0000E+00
1  cu     0.446712509690E+00  0.835705994724E-01  0.792201695407E+00  0.156569793820E+00  0.0000E+00  0.0000E+00  0.0000E+00  0.0000E+00
1  cu    -0.506965791716E+00  0.846678639208E+00 -0.263287949795E+00  0.147227719426E+00  0.0000E+00  0.0000E+00  0.0000E+00  0.0000E+00
1  cu    -0.793677535251E+00  0.957745212389E+00  0.892998636782E+00  0.154565662145E+00  0.0000E+00  0.0000E+00  0.0000E+00  0.0000E+00
1  cu     0.839670140646E+00  0.599335896042E+00 -0.572403327832E+00  0.149275228381E+00  0.0000E+00  0.0000E+00  0.0000E+00  0.0000E+00
1  cu     0.415508638605E+00  0.998664269804E+00 -0.589130596046E+00  0.143423989415E+00  0.0000E+00  0.0000E+00  0.0000E+00  0.0000E+00
1  cu     0.154779857814E-01  0.497449731373E+00  0.372234702706E+00  0.141035437584E+00  0.0000E+00  0.0000E+00  0.0000E+00  0.0000E+00
1  cu     0.289802037709E+00  0.130261837229E-01  0.241195006517E+00  0.144279018044E+00  0.0000E+00  0.0000E+00  0.0000E+00  0.0000E+00
1  cu     0.450046034206E+00  0.380352602936E+00  0.714708154675E+00  0.150373131037E+00  0.0000E+00  0.0000E+00  0.0000E+00  0.0000E+00
1  cu    -0.428871826625E+00 -0.914807559455E+00 -0.395033860714E+00  0.145491153002E+00  0.0000E+00  0.0000E+00  0.0000E+00  0.0000E+00
1  cu    -0.749058724877E+00 -0.164088532763E+00 -0.511107263378E+00  0.137836024165E+00  0.0000E+00  0.0000E+00  0.0000E+00  0.0000E+00
1  cu    -0.743606521225E+00 -0.478713760211E+00  0.849157494655E+00  0.147762924433E+00  0.0000E+00  0.0000E+00  0.0000E+00  0.0000E+00
1  cu    -0.959867023758E+00  0.865043663342E+00 -0.930386822599E-01  0.145078510046E+00  0.0000E+00  0.0000E+00  0.0000E+00  0.0000E+00
1  cu     0.761051123721E+00  0.651741795405E+00  0.330276986756E+00  0.139962598681E+00  0.0000E+00  0.0000E+00  0.0000E+00  0.0000E+00
1  cu    -0.929764191765E-01  0.859823260773E+00 -0.832803842054E+00  0.156623214484E+00  0.0000E+00  0.0000E+00  0.0000E+00  0.0000E+00
1  cu     0.399763487196E+00  0.678647570343E+00 -0.880822476091E+00  0.138274893165E+00  0.0000E+00  0.0000E+00  0.0000E+00  0.0000E+00
1  cu     0.529268759012E+00 -0.673308292139E+00  0.577363628781E+00  0.139324426651E+00  0.0000E+00  0.0000E+00  0.0000E+00  0.0000E+00
1  cu     0.855782873334E+00 -0.392271654832E-01  0.804201476480E+00  0.147033482790E+00  0.0000E+00  0.0000E+00  0.0000E+00  0.0000E+00
1  cu    -0.513642067000E+00 -0.901584502639E+00 -0.670838768521E+00  0.143415749073E+00  0.0000E+00  0.0000E+00  0.0000E+00  0.0000E+00
1  cu    -0.690684916424E+00  0.353848369707E+00  0.672670914993E+00  0.142998978496E+00  0.0000E+00  0.0000E+00  0.0000E+00  0.0000E+00
1  cu     0.231631267242E+00 -0.928085951037E+00  0.637349975359E+00  0.146137177944E+00  0.0000E+00  0.0000E+00  0.0000E+00  0.0000E+00
1  cu     0.916818207678E+00  0.155111526036E+00  0.477198274676E+00  0.145104914903E+00  0.0000E+00  0.0000E+00  0.0000E+00  0.0000E+00
1  cu     0.189688675384E+00  0.526978547237E+00  0.935992614422E+00  0.154129683972E+00  0.0000E+00  0.0000E+00  0.0000E+00  0.0000E+00
1  cu    -0.339838596617E-01  0.477825258992E+00 -0.335890349951E+00  0.137466996908E+00  0.0000E+00  0.0000E+00  0.0000E+00  0.0000E+00
1  cu     0.563644736616E+00 -0.171915370896E+00 -0.760851628428E+00  0.150340482592E+00  0.0000E+00  0.0000E+00  0.0000E+00  0.0000E+00
1  cu    -0.832577835484E-01  0.967062699684E+00  0.189977354423E+00  0.141896158457E+00  0.0000E+00  0.0000E+00  0.0000E+00  0.0000E+00
1  cu     0.136387448181E+00  0.931422871173E+00  0.387924873086E+00  0.155965596437E+00  0.0000E+00  0.0000E+00  0.0000E+00  0.0000E+00
1  cu    -0.575435461225E+00  0.140459993631E+00  0.242495436872E-01  0.150205180049E+00  0.0000E+00  0.0000E+00  0.0000E+00  0.0000E+00
1  cu     0.100451310050E+01 -0.874408561185E+00 -0.155854969332E+00  0.137338489294E+00  0.0000E+00  0.0000E+00  0.0000E+00  0.0000E+00
1  cu     0.324800513955E-01  0.207993095261E+00 -0.374538688157E+00  0.143216073513E+00  0.0000E+00  0.0000E+00  0.0000E+00  0.0000E+00
1  cu     0.890508169878E+00  0.336260783937E+00 -0.675748812783E+00  0.138207986951E+00  0.0000E+00  0.0000E+00  0.0000E+00  0.0000E+00
1  cu    -0.643989103320E+00  0.938195468456E-01 -0.297193067928E+00  0.137367814779E+00  0.0000E+00  0.0000E+00  0.0000E+00  0.0000E+00
1  cu    -0.709023456204E+00  0.872095486015E+00  0.403910191678E+00  0.152794271708E+00  0.0000E+00  0.0000E+00  0.0000E+00  0.0000E+00
1  cu    -0.300878089313E-01 -0.880988071619E+00 -0.959378862707E+00  0.141472458839E+00  0.0000E+00  0.0000E+00  0.0000E+00  0.0000E+00
1  cu     0.367076663157E+00  0.325665845359E+00  0.139895673915E+00  0.147106677294E+00  0.0000E+00  0.0000E+00  0.0000E+00  0.0000E+00
1  cu     0.189788724310E+00  0.899539253575E+00 -0.924961779980E+00  0.143663749099E+00  0.0000E+00  0.0000E+00  0.0000E+00  0.0000E+00
1  cu    -0.683830513010E+00 -0.858500566020E-01  0.652270651984E+00  0.143002539873E+00  0.0000E+00  0.0000E+00  0.0000E+00  0.0000E+00
1  cu    -0.141934860204E+00  0.927258497617E+00  0.894602210456E+00  0.138080328703E+00  0.0000E+00  0.0000E+00  0.0000E+00  0.0000E+00
1  cu     0.557475344334E+00 -0.658508480768E+00 -0.434985152539E+00  0.142352834344E+00  0.0000E+00  0.0000E+00  0.0000E+00  0.0000E+00
1  cu    -0.264159497959E+00  0.442110215160E+00  0.836652425127E+00  0.144210174680E+00  0.0000E+00  0.0000E+00  0.0000E+00  0.0000E+00
1  cu    -0.629039103338E+00  0.344901396637E+00 -0.709419412514E+00  0.139539912343E+00  0.0000E+00  0.0000E+00  0.0000E+00  0.0000E+00
1  cu    -0.684927273787E-01 -0.553170321715E+00  0.593213743675E+00  0.149238049984E+00  0.0000E+00  0.0000E+00  0.0000E+00  0.0000E+00
1  cu    -0.301132402425E+00  0.145454364769E+00 -0.748733757961E-01  0.141639575362E+00  0.0000E+00  0.0000E+00  0.0000E+00  0.0000E+00
1  cu    -0.113533074836E+00  0.981141328508E+00 -0.145327814457E+00  0.139156594873E+00  0.0000E+00  0.0000E+00  0.0000E+00  0.0000E+00
1  cu     0.778390552101E+00  0.958066200783E+00 -0.121930561981E+00  0.144458577037E+00  0.0000E+00  0.0000E+00  0.0000E+00  0.0000E+00
1  cu     0.838932256527E+00  0.747173069851E+00  0.706213239995E-01  0.147543087602E+00  0.0000E+00  0.0000E+00  0.0000E+00  0.0000E+00
1  cu     0.221193771835E+00  0.597235431835E+00 -0.301437545117E+00  0.146388664842E+00  0.0000E+00  0.0000E+00  0.0000E+00  0.0000E+00
1  cu     0.716486548176E+00  0.570620022984E+00 -0.917890637755E+00  0.141781330108E+00  0.0000E+00  0.0000E+00  0.0000E+00  0.0000E+00
1  cu     0.610489627010E+00 -0.408761395247E+00  0.619948662947E+00  0.137379989028E+00  0.0000E+00  0.0000E+00  0.0000E+00  0.0000E+00
1  cu     0.958861499951E+00 -0.802083302815E+00  0.792068346611E+00  0.137562423944E+00  0.0000E+00  0.0000E+00  0.0000E+00  0.0000E+00
1  cu     0.651820756417E+00  0.250424623654E-01  0.192953372877E-01  0.152257248760E+00  0.0000E+00  0.0000E+00  0.0000E+00  0.0000E+00
1  cu    -0.305431735125E+00 -0.662029629779E+00 -0.110048124085E+00  0.146027803421E+00  0.0000E+00  0.0000E+00  0.0000E+00  0.0000E+00
1  cu     0.663347356414E+00  0.837578215186E+00 -0.984730965387E+00  0.138602703809E+00  0.0000E+00  0.0000E+00  0.0000E+00  0.0000E+00
1  cu     0.334543690845E+00  0.692495552306E+00 -0.590238504959E+00  0.145918071270E+00  0.0000E+00  0.0000E+00  0.0000E+00  0.0000E+00
1  cu     0.660090678076E+00 -0.186370393929E-01  0.314131945569E+00  0.146002262830E+00  0.0000E+00  0.0000E+00  0.0000E+00  0.0000E+00
1  cu    -0.218850479419E+00 -0.129993257107E+00 -0.657660216070E+00  0.144694015383E+00  0.0000E+00  0.0000E+00  0.0000E+00  0.0000E+00
1  cu     0.124833214446E+00 -0.831711905132E+00  0.181890091151E+00  0.155388355255E+00  0.0000E+00  0.0000E+00  0.0000E+00  0.0000E+00
1  cu     0.838781020005E+00 -0.141579080113E-01 -0.395102215476E+00  0.145436599851E+00  0.0000E+00  0.0000E+00  0.0000E+00  0.0000E+00
1  cu     0.444494368951E+00 -0.572403328962E+00  0.826628509889E+00  0.142798602581E+00  0.0000E+00  0.0000E+00  0.0000E+00  0.0000E+00
1  cu     0.481360635272E+00 -0.651295320037E+00 -0.151149280513E+00  0.151505693794E+00  0.0000E+00  0.0000E+00  0.0000E+00  0.0000E+00
1  cu    -0.785017618721E+00  0.255908980748E+00  0.924097622929E+00  0.143203854561E+00  0.0000E+00  0.0000E+00  0.0000E+00  0.0000E+00
1  cu    -0.937797981025E+00 -0.297323630518E+00  0.952936137251E+00  0.137621313334E+00  0.0000E+00  0.0000E+00  0.0000E+00  0.0000E+00
1  cu    -0.252440082108E+00 -0.369592638283E+00 -0.130309520294E+00  0.152020543813E+00  0.0000E+00  0.0000E+00  0.0000E+00  0.0000E+00
1  cu    -0.745697024296E+00  0.934682503789E+00 -0.785698981331E+00  0.144263759256E+00  0.0000E+00  0.0000E+00  0.0000E+00  0.0000E+00
1  cu     0.788260397250E+00 -0.220549574496E+00 -0.997902874997E+00  0.137791380286E+00  0.0000E+00  0.0000E+00  0.0000E+00  0.0000E+00
1  cu    -0.365495768388E+00  0.906218746119E+00  0.228710817535E+00  0.149576395750E+00  0.0000E+00  0.0000E+00  0.0000E+00  0.0000E+00
1  cu     0.121229784722E+00 -0.412778123199E+00 -0.455073883540E+00  0.139312386513E+00  0.0000E+00  0.0000E+00  0.0000E+00  0.0000E+00
1  cu     0.951218368624E+00 -0.563429958041E+00  0.960862888605E+00  0.155122518539E+00  0.0000E+00  0.0000E+00  0.0000E+00  0.0000E+00
1  cu    -0.285467598153E+00 -0.214429480253E-01  0.959812385163E+00  0.150055095553E+00  0.0000E+00  0.0000E+00  0.0000E+00  0.0000E+00
1  cu     0.872371612235E+00 -0.319249583802E+00 -0.386317279163E+00  0.140669032931E+00  0.0000E+00  0.0000E+00  0.0000E+00  0.0000E+00
1  cu    -0.978162929073E+00 -0.137710276666E+00 -0.818806721605E+00  0.152622014284E+00  0.0000E+00  0.0000E+00  0.0000E+00  0.0000E+00
1  cu    -0.265010653959E+00 -0.229618208364E+00 -0.390681492484E+00  0.144081458449E+00  0.0000E+00  0.0000E+00  0.0000E+00  0.0000E+00
1  cu     0.927356392397E+00  0.416892481741E+00  0.846460093978E+00  0.148607358336E+00  0.0000E+00  0.0000E+00  0.0000E+00  0.0000E+00
1  cu    -0.606501024748E+00  0.748530098206E+00  0.974248544940E+00  0.137769252062E+00  0.0000E+00  0.0000E+00  0.0000E+00  0.0000E+00
1  cu     0.212468117521E+00 -0.794224864438E+00 -0.784397599679E+00  0.154471561313E+00  0.0000E+00  0.0000E+00  0.0000E+00  0.0000E+00
1  cu     0.334253962859E+00 -0.134804844954E-01 -0.679464553558E+00  0.140165671706E+00  0.0000E+00  0.0000E+00  0.0000E+00  0.0000E+00
1  cu    -0.505554552291E+00 -0.369855293559E+00  0.104322077424E-01  0.137765988708E+00  0.0000E+00  0.0000E+00  0.0000E+00  0.0000E+00
1  cu     0.570473662383E+00 -0.469686288015E+00 -0.696315553147E+00  0.154535531998E+00  0.0000E+00  0.0000E+00  0.0000E+00  0.0000E+00
1  cu    -0.261661095939E+00  0.179731580372E+00  0.707685305942E+00  0.148269042372E+00  0.0000E+00  0.0000E+00  0.0000E+00  0.0000E+00
1  cu    -0.386102098850E-01 -0.550041156510E+00 -0.245504987444E+00  0.140251532197E+00  0.0000E+00  0.0000E+00  0.0000E+00  0.0000E+00
1  cu    -0.740215281069E-01  0.430929062959E+00 -0.669548602784E+00  0.144228965044E+00  0.0000E+00  0.0000E+00  0.0000E+00  0.0000E+00
1  cu     0.973570736877E-01 -0.607156922278E+00  0.997660648641E+00  0.155575752259E+00  0.0000E+00  0.0000E+00  0.0000E+00  0.0000E+00
1  cu    -0.926733365076E-01  0.398067313020E-01 -0.845412396056E+00  0.138515442610E+00  0.0000E+00  0.0000E+00  0.0000E+00  0.0000E+00
1  cu    -0.544882970009E+00  0.443746059192E+00  0.345974182011E+00  0.144603371620E+00  0.0000E+00  0.0000E+00  0.0000E+00  0.0000E+00
1  cu    -0.460925777490E+00 -0.575844537720E+00  0.822473922523E+00  0.143413811922E+00  0.0000E+00  0.0000E+00  0.0000E+00  0.0000E+00
1  cu    -0.745997565311E+00  0.482537024586E+00 -0.922142535614E+00  0.139718070626E+00  0.0000E+00  0.0000E+00  0.0000E+00  0.0000E+00
1  cu    -0.912559448182E+00  0.299209123558E+00  0.143720300065E-01  0.137537419796E+00  0.0000E+00  0.0000E+00  0.0000E+00  0.0000E+00
1  cu    -0.694832554482E+00  0.638044878385E-01 -0.868847899630E+00  0.149037674069E+00  0.0000E+00  0.0000E+00  0.0000E+00  0.0000E+00
1  cu    -0.666917765150E+00  0.416398124550E+00  0.560943876217E-01  0.137986883521E+00  0.0000E+00  0.0000E+00  0.0000E+00  0.0000E+00
1  cu     0.467187818994E+00 -0.367930232102E+00 -0.817776576099E-01  0.139760211110E+00  0.0000E+00  0.0000E+00  0.0000E+00  0.0000E+00
1  cu     0.103185418863E+00 -0.495348889465E+00 -0.734172861270E+00  0.145204946399E+00  0.0000E+00  0.0000E+00  0.0000E+00  0.0000E+00
1  cu    -0.778435523232E+00 -0.837794149002E+00  0.351363750390E+00  0.142711475492E+00  0.0000E+00  0.0000E+00  0.0000E+00  0.0000E+00
1  cu     0.940681622212E+00 -0.988793424890E+00 -0.994937992612E+00  0.154627948999E+00  0.0000E+00  0.0000E+00  0.0000E+00  0.0000E+00
1  cu    -0.964422964607E+00  0.963670884657E+00 -0.376710799263E+00  0.146311566234E+00  0.0000E+00  0.0000E+00  0.0000E+00  0.0000E+00
1  cu     0.919324781297E+00  0.945544130420E+00  0.718335663434E+00  0.138816863298E+00  0.0000E+00  0.0000E+00  0.0000E+00  0.0000E+00
1  cu     0.424441989255E+00  0.116581828278E+00  0.485110638495E+00  0.153246104717E+00  0.0000E+00  0.0000E+00  0.0000E+00  0.0000E+00
1  cu     0.489423067665E+00  0.427279134004E+00  0.100064464693E+01  0.142294347286E+00  0.0000E+00  0.0000E+00  0.0000E+00  0.0000E+00
1  cu    -0.662152187251E+00 -0.206712440650E+00  0.932474204602E+00  0.148193821311E+00  0.0000E+00  0.0000E+00  0.0000E+00  0.0000E+00
1  cu     0.423179209008E+00 -0.121294772427E+00  0.100286767764E+01  0.138467028737E+00  0.0000E+00  0.0000E+00  0.0000E+00  0.0000E+00
1  cu     0.957081419046E+00 -0.767897446817E+00  0.371395959646E+00  0.142015486956E+00  0.0000E+00  0.0000E+00  0.0000E+00  0.0000E+00
1  cu     0.419852536836E+00  0.968241702386E+00  0.821209329001E+00  0.140809014440E+00  0.0000E+00  0.0000E+00  0.0000E+00  0.0000E+00
1  cu    -0.590476659992E+00 -0.697544437023E+00 -0.485836526640E+00  0.140180245042E+00  0.0000E+00  0.0000E+00  0.0000E+00  0.0000E+00
1  cu     0.361752796597E+00 -0.905318466107E+00 -0.319886594866E-01  0.149943962693E+00  0.0000E+00  0.0000E+00  0.0000E+00  0.0000E+00
1  cu    -0.451895822899E+00  0.723117080454E+00 -0.523369046219E+00  0.138242825865E+00  0.0000E+00  0.0000E+00  0.0000E+00  0.0000E+00
1  cu     0.672503174185E+00 -0.455790983522E+00 -0.247536646385E+00  0.138515010476E+00  0.0000E+00  0.0000E+00  0.0000E+00  0.0000E+00
1  cu    -0.118837425056E+00  0.512912351278E+00 -0.938965906784E+00  0.141153395176E+00  0.0000E+00  0.0000E+00  0.0000E+00  0.0000E+00
1  cu    -0.469206535890E+00  0.644998362425E+00  0.159954723581E+00  0.139914989471E+00  0.0000E+00  0.0000E+00  0.0000E+00  0.0000E+00
1  cu     0.213124107458E+00 -0.321316772688E+00 -0.955993593333E+00  0.156316876411E+00  0.0000E+00  0.0000E+00  0.0000E+00  0.0000E+00
1  cu    -0.205578850874E+00 -0.664600097058E+00  0.362181990415E+00  0.141665443778E+00  0.0000E+00  0.0000E+00  0.0000E+00  0.0000E+00
1  cu     0.944763691786E+00 -0.366299219581E+00  0.442096677402E+00  0.143246129155E+00  0.0000E+00  0.0000E+00  0.0000E+00  0.0000E+00
1  cu     0.542036778919E+00  0.300736146102E+00 -0.914371017999E-01  0.144097700715E+00  0.0000E+00  0.0000E+00  0.0000E+00  0.0000E+00
1  cu     0.741142896484E+00  0.463210164855E+00 -0.249545725807E+00  0.141550689935E+00  0.0000E+00  0.0000E+00  0.0000E+00  0.0000E+00
1  cu    -0.508554253036E-01  0.956280180760E+00  0.625457208445E+00  0.147659957409E+00  0.0000E+00  0.0000E+00  0.0000E+00  0.0000E+00
1  cu     0.669134026330E+00  0.544179311957E+00  0.815232077754E+00  0.141240686178E+00  0.0000E+00  0.0000E+00  0.0000E+00  0.0000E+00
1  cu     0.575477656868E+00  0.611992096767E+00  0.559088196317E+00  0.139909207821E+00  0.0000E+00  0.0000E+00  0.0000E+00  0.0000E+00
1  cu    -0.414286494171E+00 -0.685671084679E+00 -0.928909662971E+00  0.142178133130E+00  0.0000E+00  0.0000E+00  0.0000E+00  0.0000E+00
1  cu     0.705530149646E+00 -0.815713573617E+00 -0.256737811164E+00  0.137826636433E+00  0.0000E+00  0.0000E+00  0.0000E+00  0.0000E+00
1  cu    -0.482919821624E+00  0.558751228677E+00 -0.880033694232E+00  0.137529909610E+00  0.0000E+00  0.0000E+00  0.0000E+00  0.0000E+00
1  cu    -0.471340308212E+00  0.291837670393E+00 -0.487141107342E+00  0.138306260109E+00  0.0000E+00  0.0000E+00  0.0000E+00  0.0000E+00
1  cu     0.158419443317E+00  0.854442579536E+00  0.802578934029E+00  0.144961252809E+00  0.0000E+00  0.0000E+00  0.0000E+00  0.0000E+00
1  cu    -0.870277756405E+00 -0.435300270966E+00 -0.349925441873E+00  0.143870159984E+00  0.0000E+00  0.0000E+00  0.0000E+00  0.0000E+00
1  cu    -0.414620554180E+00 -0.206357548965E+00 -0.865446816981E+00  0.142032384873E+00  0.0000E+00  0.0000E+00  0.0000E+00  0.0000E+00
1  cu     0.105962118171E+00 -0.570043980747E+00  0.312311192236E+00  0.137696668505E+00  0.0000E+00  0.0000E+00  0.0000E+00  0.0000E+00
1  cu     0.598092761416E+00 -0.182708384078E+00 -0.441125139458E+00  0.147740676999E+00  0.0000E+00  0.0000E+00  0.0000E+00  0.0000E+00
1  cu     0.299508437406E+00 -0.730121957174E+00  0.429895078305E+00  0.139786377549E+00  0.0000E+00  0.0000E+00  0.0000E+00  0.0000E+00
1  cu    -0.379812358392E+00 -0.947903975260E+00 -0.114665560207E+00  0.141143456102E+00  0.0000E+00  0.0000E+00  0.0000E+00  0.0000E+00
1  cu    -0.788027378329E+00 -0.761167208139E+00  0.862150947724E+00  0.138613879681E+00  0.0000E+00  0.0000E+00  0.0000E+00  0.0000E+00
1  cu     0.384855124647E+00  0.831444235576E+00 -0.125408228493E+00  0.140495285392E+00  0.0000E+00  0.0000E+00  0.0000E+00  0.0000E+00
1  cu    -0.269277797521E+00  0.512614486646E+00 -0.187689510243E+00  0.142834022641E+00  0.0000E+00  0.0000E+00  0.0000E+00  0.0000E+00
1  cu    -0.924527164982E+00 -0.608157960140E+00 -0.584967110228E+00  0.140874892473E+00  0.0000E+00  0.0000E+00  0.0000E+00  0.0000E+00
1  cu     0.988675099402E+00 -0.973094901304E+00 -0.706529854800E+00  0.138274952769E+00  0.0000E+00  0.0000E+00  0.0000E+00  0.0000E+00
1  cu    -0.737541551061E+00 -0.996430533126E+00 -0.202534028750E+00  0.144435971976E+00  0.0000E+00  0.0000E+00  0.0000E+00  0.0000E+00
1  cu*   -0.537961477743E-01 -0.428895535434E-02  0.615812478812E+00  0.140875831246E+00  0.0000E+00  0.0000E+00  0.0000E+00  0.0000E+00
1  cu    -0.527014396293E+00 -0.640252428226E+00  0.664881119211E-01  0.138339221477E+00  0.0000E+00  0.0000E+00  0.0000E+00  0.0000E+00
1  cu     0.786686715395E+00 -0.591037167943E+00  0.508819456689E+00  0.139690861106E+00  0.0000E+00  0.0000E+00  0.0000E+00  0.0000E+00
1  cu     0.877689436767E+00  0.396802796569E+00  0.330270245317E+00  0.140615448355E+00  0.0000E+00  0.0000E+00  0.0000E+00  0.0000E+00
1  cu     0.194659687561E+00 -0.407997491077E+00 -0.160547466509E+00  0.141911655665E+00  0.0000E+00  0.0000E+00  0.0000E+00  0.0000E+00
1  cu*   -0.600934457437E-01  0.261113848502E+00  0.512354447510E+00  0.144060164690E+00  0.0000E+00  0.0000E+00  0.0000E+00  0.0000E+00
1  cu     0.182752262626E+00  0.452596920857E+00 -0.546978792505E+00  0.141365468502E+00  0.0000E+00  0.0000E+00  0.0000E+00  0.0000E+00
1  cu    -0.830526524286E+00  0.588272452890E-01  0.172163987579E+00  0.155301615596E+00  0.0000E+00  0.0000E+00  0.0000E+00  0.0000E+00
1  cu     0.455503301836E+00  0.984900780278E+00 -0.870188322010E+00  0.141025289893E+00  0.0000E+00  0.0000E+00  0.0000E+00  0.0000E+00
1  cu    -0.982506446282E+00  0.977100803396E+00  0.447901248250E+00  0.143672049045E+00  0.0000E+00  0.0000E+00  0.0000E+00  0.0000E+00
1  cu    -0.963897690532E+00  0.666621475900E+00  0.418493546520E+00  0.140139460563E+00  0.0000E+00  0.0000E+00  0.0000E+00  0.0000E+00
1  cu    -0.977833093952E+00  0.174055604032E+00  0.735440399554E+00  0.138776764273E+00  0.0000E+00  0.0000E+00  0.0000E+00  0.0000E+00
1  cu    -0.592091328863E+00  0.163876853048E+00  0.313993983918E+00  0.141300171614E+00  0.0000E+00  0.0000E+00  0.0000E+00  0.0000E+00
1  cu    -0.541729503051E+00  0.500595633690E+00  0.864737333616E+00  0.140988036990E+00  0.0000E+00  0.0000E+00  0.0000E+00  0.0000E+00
1  cu     0.662975889909E+00  0.328102647665E+00 -0.497184443038E+00  0.151394248008E+00  0.0000E+00  0.0000E+00  0.0000E+00  0.0000E+00
1  cu     0.849386567848E+00  0.640114879993E+00  0.617610217705E+00  0.141627088189E+00  0.0000E+00  0.0000E+00  0.0000E+00  0.0000E+00
1  cu    -0.589197846298E+00  0.851881868698E+00  0.694902476685E+00  0.149260774255E+00  0.0000E+00  0.0000E+00  0.0000E+00  0.0000E+00
1  cu    -0.905823752324E+00  0.255952649130E+00 -0.831674068537E+00  0.139170825482E+00  0.0000E+00  0.0000E+00  0.0000E+00  0.0000E+00
1  cu    -0.324432390657E+00 -0.308577333791E+00  0.888898116260E+00  0.148307189345E+00  0.0000E+00  0.0000E+00  0.0000E+00  0.0000E+00
1  cu     0.925195418314E+00 -0.810572822262E+00 -0.479367418899E+00  0.138682112098E+00  0.0000E+00  0.0000E+00  0.0000E+00  0.0000E+00
1  cu     0.331199483899E+00  0.754426302958E+00  0.137830941201E+00  0.139147907495E+00  0.0000E+00  0.0000E+00  0.0000E+00  0.0000E+00
1  cu    -0.797619128823E+00  0.643299386802E+00 -0.288015701029E-01  0.137399584055E+00  0.0000E+00  0.0000E+00  0.0000E+00  0.0000E+00
1  cu    -0.537629456521E-02 -0.318614236882E+00  0.173554327695E-01  0.140511557460E+00  0.0000E+00  0.0000E+00  0.0000E+00  0.0000E+00
1  cu     0.230543226505E+00 -0.867478151962E+00  0.938812403721E+00  0.142936512828E+00  0.0000E+00  0.0000E+00  0.0000E+00  0.0000E+00
1  cu    -0.272136909938E+00  0.527536229708E+00  0.323096171066E+00  0.141766995191E+00  0.0000E+00  0.0000E+00  0.0000E+00  0.0000E+00
1  cu    -0.867023754266E+00  0.732874175380E+00 -0.943310198241E+00  0.139395505190E+00  0.0000E+00  0.0000E+00  0.0000E+00  0.0000E+00
1  cu     0.139779228687E+00 -0.911839069864E+00 -0.229115534923E+00  0.141144201159E+00  0.0000E+00  0.0000E+00  0.0000E+00  0.0000E+00
1  cu    -0.371921910713E+00 -0.475820528447E+00  0.231736037790E+00  0.141815379262E+00  0.0000E+00  0.0000E+00  0.0000E+00  0.0000E+00
1  cu     0.397900631307E-01  0.283098131977E+00 -0.890994487042E+00  0.142449259758E+00  0.0000E+00  0.0000E+00  0.0000E+00  0.0000E+00
1  cu    -0.442478778432E-02 -0.570925164499E-01 -0.488248498020E+00  0.138276025653E+00  0.0000E+00  0.0000E+00  0.0000E+00  0.0000E+00
1  cu     0.371179015351E+00  0.885312470294E-01 -0.182452777743E-01  0.138093560934E+00  0.0000E+00  0.0000E+00  0.0000E+00  0.0000E+00
1  cu    -0.223724819242E+00 -0.945282904382E+00  0.423819368968E+00  0.139563143253E+00  0.0000E+00  0.0000E+00  0.0000E+00  0.0000E+00
1  cu     0.907454339725E+00  0.169319466690E+00  0.997942140310E+00  0.142570659518E+00  0.0000E+00  0.0000E+00  0.0000E+00  0.0000E+00
1  cu     0.695893429583E+00  0.292893478006E+00 -0.870623497858E+00  0.140882417560E+00  0.0000E+00  0.0000E+00  0.0000E+00  0.0000E+00
1  cu     0.127064479862E+00 -0.352236186211E+00  0.511678842079E+00  0.143146514892E+00  0.0000E+00  0.0000E+00  0.0000E+00  0.0000E+00
1  cu     0.129809273479E+00  0.477964375733E+00  0.717099901248E-01  0.143198758363E+00  0.0000E+00  0.0000E+00  0.0000E+00  0.0000E+00
1  cu    -0.985644037398E+00  0.544452118380E+00  0.145977581560E+00  0.138026222586E+00  0.0000E+00  0.0000E+00  0.0000E+00  0.0000E+00
1  cu     0.115968263505E+00  0.178719387069E+00  0.908237589274E-01  0.139310687780E+00  0.0000E+00  0.0000E+00  0.0000E+00  0.0000E+00
1  cu    -0.347397493560E+00  0.366687946250E+00 -0.727763951360E+00  0.142709553242E+00  0.0000E+00  0.0000E+00  0.0000E+00  0.0000E+00
1  cu    -0.434690786651E+00 -0.999384647559E-01 -0.525629243293E-01  0.138816192746E+00  0.0000E+00  0.0000E+00  0.0000E+00  0.0000E+00
1  cu    -0.560397181082E+00 -0.660690269746E+00  0.340211603018E+00  0.138329714537E+00  0.0000E+00  0.0000E+00  0.0000E+00  0.0000E+00
1  cu    -0.295206337994E+00  0.723361925816E+00 -0.100302552636E+01  0.141084879637E+00  0.0000E+00  0.0000E+00  0.0000E+00  0.0000E+00
1  cu     0.990663699491E+00  0.511303927770E+00 -0.128492250324E+00  0.139941379428E+00  0.0000E+00  0.0000E+00  0.0000E+00  0.0000E+00
1  cu    -0.891825842460E+00 -0.236709203615E+00  0.116668892029E+00  0.140571191907E+00  0.0000E+00  0.0000E+00  0.0000E+00  0.0000E+00
1  cu     0.599921368921E+00  0.609192730087E-01 -0.592536804601E+00  0.139339402318E+00  0.0000E+00  0.0000E+00  0.0000E+00  0.0000E+00
1  cu     0.682411234060E+00 -0.608389375087E+00 -0.940278576283E+00  0.138690933585E+00  0.0000E+00  0.0000E+00  0.0000E+00  0.0000E+00
1  cu     0.109266957920E+00  0.502919581865E-01 -0.154828091627E+00  0.138067558408E+00  0.0000E+00  0.0000E+00  0.0000E+00  0.0000E+00
1  cu     0.263029720438E+00  0.626519172082E+00  0.373892772205E+00  0.138256549835E+00  0.0000E+00  0.0000E+00  0.0000E+00  0.0000E+00
1  cu     0.142900455862E+00  0.899404939948E+00 -0.644018033553E+00  0.141268432140E+00  0.0000E+00  0.0000E+00  0.0000E+00  0.0000E+00
1  cu    -0.753097567209E+00 -0.351034655829E+00 -0.108326402015E+00  0.137651905417E+00  0.0000E+00  0.0000E+00  0.0000E+00  0.0000E+00
1  cu    -0.962227732751E+00 -0.867480344245E-01  0.595702776970E+00  0.141164302826E+00  0.0000E+00  0.0000E+00  0.0000E+00  0.0000E+00
  list of objects:
   bonded contacts (i,j):         0

