       1  0.632989764214E+00
       2  0.586093008518E+00
       3  0.633596360683E+00
       4  0.668885469437E+00
       5  0.711775064468E+00
       6  0.682038903236E+00
       7  0.614888608456E+00
       8  0.655928313732E+00
       9  0.646283507347E+00
      10  0.634189188480E+00
      11  0.700311422348E+00
      12  0.700815916061E+00
      13  0.612567543983E+00
      14  0.616992175579E+00
      15  0.623519361019E+00
      16  0.666568160057E+00
      17  0.580588996410E+00
      18  0.647656261921E+00
      19  0.583512485027E+00
      20  0.664498329163E+00
      21  0.645843565464E+00
      22  0.607016921043E+00
      23  0.660619735718E+00
      24  0.557348668575E+00
      25  0.647471427917E+00
      26  0.685723662376E+00
      27  0.638902604580E+00
      28  0.690393805504E+00
      29  0.639681875706E+00
      30  0.658620834351E+00
      31  0.654560804367E+00
      32  0.591207265854E+00
      33  0.685631513596E+00
      34  0.629161655903E+00
      35  0.659677267075E+00
      36  0.687386989594E+00
      37  0.595387518406E+00
      38  0.678321719170E+00
      39  0.658066272736E+00
      40  0.647808790207E+00
      41  0.631536841393E+00
      42  0.653202891350E+00
      43  0.645112454891E+00
      44  0.702359974384E+00
      45  0.657196342945E+00
      46  0.685770809650E+00
      47  0.658266365528E+00
      48  0.587385594845E+00
      49  0.711704492569E+00
      50  0.669096887112E+00
      51  0.674100160599E+00
      52  0.668867886066E+00
      53  0.694500148296E+00
      54  0.656742990017E+00
      55  0.644730031490E+00
      56  0.641631007195E+00
      57  0.651177048683E+00
      58  0.664042294025E+00
      59  0.629676997662E+00
      60  0.647397756577E+00
      61  0.605027437210E+00
      62  0.655270516872E+00
      63  0.627770543098E+00
      64  0.609934389591E+00
      65  0.619588434696E+00
      66  0.585574626923E+00
      67  0.649956941605E+00
      68  0.643271088600E+00
      69  0.664791047573E+00
      70  0.629970133305E+00
      71  0.574094057083E+00
      72  0.665454745293E+00
      73  0.647684216499E+00
      74  0.671193003654E+00
      75  0.605665862560E+00
      76  0.675693809986E+00
      77  0.600355148315E+00
      78  0.697443664074E+00
      79  0.656352519989E+00
      80  0.600283980370E+00
      81  0.560134947300E+00
      82  0.625423789024E+00
      83  0.676564753056E+00
      84  0.650872290134E+00
      85  0.671034097672E+00
      86  0.639803528786E+00
      87  0.692900061607E+00
      88  0.684612333775E+00
      89  0.686548948288E+00
      90  0.625624716282E+00
      91  0.652858674526E+00
      92  0.577562451363E+00
      93  0.629296541214E+00
      94  0.678748250008E+00
      95  0.624229907990E+00
      96  0.662372529507E+00
      97  0.603508889675E+00
      98  0.621927082539E+00
      99  0.617824494839E+00
     100  0.675906538963E+00
     101  0.647135674953E+00
     102  0.610392272472E+00
     103  0.613515019417E+00
     104  0.628969728947E+00
     105  0.672009348869E+00
     106  0.639857411385E+00
     107  0.613160133362E+00
     108  0.668335318565E+00
     109  0.594359993935E+00
     110  0.663446962833E+00
     111  0.621492385864E+00
     112  0.699076235294E+00
     113  0.654039204121E+00
     114  0.572384417057E+00
     115  0.688087880611E+00
     116  0.623710334301E+00
     117  0.631510674953E+00
     118  0.683122217655E+00
     119  0.658422708511E+00
     120  0.650445461273E+00
     121  0.673091173172E+00
     122  0.621240496635E+00
     123  0.605638980865E+00
     124  0.625357747078E+00
     125  0.617367982864E+00
     126  0.595340132713E+00
     127  0.705533087254E+00
     128  0.659617483616E+00
     129  0.637125194073E+00
     130  0.691773414612E+00
     131  0.560651540756E+00
     132  0.688523054123E+00
     133  0.664552927017E+00
     134  0.631172895432E+00
     135  0.655301153660E+00
     136  0.648070335388E+00
     137  0.631961047649E+00
     138  0.698911905289E+00
     139  0.623515248299E+00
     140  0.643091499805E+00
     141  0.620195209980E+00
     142  0.722979784012E+00
     143  0.627135396004E+00
     144  0.665236651897E+00
     145  0.695031762123E+00
     146  0.661036133766E+00
     147  0.668555259705E+00
     148  0.610769093037E+00
     149  0.584198236465E+00
     150  0.628935754299E+00
     151  0.702805876732E+00
     152  0.583768904209E+00
     153  0.646466732025E+00
     154  0.583769023418E+00
     155  0.659030199051E+00
     156  0.650270521641E+00
     157  0.650197625160E+00
     158  0.587573409081E+00
     159  0.564621984959E+00
     160  0.672859132290E+00
     161  0.661109268665E+00
     162  0.656196475029E+00
     163  0.618879377842E+00
     164  0.633025646210E+00
     165  0.726309895515E+00
     166  0.634310543537E+00
     167  0.629222035408E+00
     168  0.713186264038E+00
     169  0.695188522339E+00
     170  0.655630409718E+00
     171  0.628235995770E+00
     172  0.595993280411E+00
     173  0.663602411747E+00
     174  0.599867522717E+00
     175  0.667305529118E+00
     176  0.664565801620E+00
     177  0.641417264938E+00
     178  0.594398856163E+00
     179  0.683956384659E+00
     180  0.637827396393E+00
     181  0.640651822090E+00
     182  0.649062573910E+00
     183  0.639607667923E+00
     184  0.625252783298E+00
     185  0.652030169964E+00
     186  0.611212551594E+00
     187  0.615280985832E+00
     188  0.615848720074E+00
     189  0.666165411472E+00
     190  0.650852382183E+00
     191  0.661204338074E+00
     192  0.578687727451E+00
     193  0.628013610840E+00
     194  0.606355547905E+00
     195  0.628802835941E+00
     196  0.648030996323E+00
     197  0.627151131630E+00
     198  0.596854984760E+00
     199  0.647203266621E+00
     200  0.600876927376E+00
     201  0.622057676315E+00
     202  0.610457956791E+00
     203  0.631772518158E+00
     204  0.628359496593E+00
     205  0.634224593639E+00
     206  0.635289430618E+00
     207  0.650770902634E+00
     208  0.648306906223E+00
     209  0.615779280663E+00
     210  0.640500605106E+00
     211  0.667424023151E+00
     212  0.606035709381E+00
     213  0.666831731796E+00
     214  0.622182846069E+00
     215  0.596128702164E+00
     216  0.636154711246E+00
     217  0.627375423908E+00
     218  0.629194617271E+00
     219  0.674833834171E+00
     220  0.668741226196E+00
     221  0.644954025745E+00
     222  0.634236514568E+00
     223  0.634801328182E+00
     224  0.662666738033E+00
     225  0.620481610298E+00
     226  0.633915066719E+00
     227  0.626517355442E+00
     228  0.621370553970E+00
     229  0.640348315239E+00
     230  0.663557589054E+00
     231  0.581460237503E+00
     232  0.672494828701E+00
     233  0.597431421280E+00
     234  0.593918979168E+00
     235  0.661419212818E+00
     236  0.678520023823E+00
     237  0.612155556679E+00
     238  0.633496403694E+00
     239  0.622650623322E+00
     240  0.608091294765E+00
     241  0.624888241291E+00
     242  0.616059660912E+00
     243  0.601400494576E+00
     244  0.660535931587E+00
     245  0.648820161819E+00
     246  0.636556923389E+00
     247  0.625522732735E+00
     248  0.597234368324E+00
     249  0.576991856098E+00
     250  0.655446827412E+00
     251  0.667736828327E+00
     252  0.655772745609E+00
     253  0.578485488892E+00
     254  0.639784514904E+00
     255  0.615086495876E+00
     256  0.642169475555E+00
     257  0.645371615887E+00
     258  0.610467195511E+00
     259  0.724009037018E+00
     260  0.650657474995E+00
     261  0.607646882534E+00
     262  0.621281087399E+00
     263  0.659611344337E+00
     264  0.576715886593E+00
     265  0.629656136036E+00
     266  0.655113399029E+00
     267  0.599037289619E+00
     268  0.644722640514E+00
     269  0.645631372929E+00
     270  0.614246010780E+00
     271  0.625304341316E+00
     272  0.616343975067E+00
     273  0.661759853363E+00
     274  0.645100176334E+00
     275  0.624536037445E+00
     276  0.580212116241E+00
     277  0.704266130924E+00
     278  0.617222130299E+00
     279  0.584987521172E+00
     280  0.619769036770E+00
     281  0.617085456848E+00
     282  0.574044823647E+00
     283  0.638169586658E+00
     284  0.657266259193E+00
     285  0.646002352238E+00
     286  0.657526314259E+00
     287  0.662870943546E+00
     288  0.636561870575E+00
     289  0.632829070091E+00
     290  0.653967976570E+00
     291  0.611544847488E+00
     292  0.649266779423E+00
     293  0.573121249676E+00
     294  0.580458402634E+00
     295  0.640599191189E+00
     296  0.599721252918E+00
     297  0.607897698879E+00
     298  0.650901973248E+00
     299  0.670890986919E+00
     300  0.660369217396E+00
     301  0.660171926022E+00
     302  0.625845670700E+00
     303  0.671069443226E+00
     304  0.614711761475E+00
     305  0.621203899384E+00
     306  0.641954004765E+00
     307  0.627594470978E+00
     308  0.665947794914E+00
     309  0.605594277382E+00
     310  0.639202296734E+00
     311  0.638889253139E+00
     312  0.628727853298E+00
     313  0.645988047123E+00
     314  0.669635176659E+00
     315  0.624788343906E+00
     316  0.621745765209E+00
     317  0.579958021641E+00
     318  0.608898937702E+00
     319  0.625697135925E+00
     320  0.668404221535E+00
     321  0.622949361801E+00
     322  0.608695149422E+00
     323  0.617551743984E+00
     324  0.654111087322E+00
     325  0.635391354561E+00
     326  0.632461667061E+00
     327  0.606745004654E+00
     328  0.638536453247E+00
     329  0.619084298611E+00
     330  0.666763961315E+00
     331  0.716249525547E+00
     332  0.628173708916E+00
     333  0.606566190720E+00
     334  0.569321334362E+00
     335  0.643577098846E+00
     336  0.646410942078E+00
     337  0.610659837723E+00
     338  0.639188647270E+00
     339  0.622050523758E+00
     340  0.566800534725E+00
     341  0.588198661804E+00
     342  0.627822101116E+00
     343  0.587671637535E+00
     344  0.596896469593E+00
     345  0.597291111946E+00
     346  0.668646872044E+00
     347  0.639055967331E+00
     348  0.639770090580E+00
     349  0.638938605785E+00
     350  0.592777013779E+00
     351  0.576963782310E+00
     352  0.647949039936E+00
     353  0.643451750278E+00
     354  0.667585194111E+00
     355  0.672799587250E+00
     356  0.593847930431E+00
     357  0.686206877232E+00
     358  0.607224285603E+00
     359  0.634799301624E+00
     360  0.619123995304E+00
     361  0.619506299496E+00
     362  0.635113179684E+00
     363  0.600268840790E+00
     364  0.663417041302E+00
     365  0.631689906120E+00
     366  0.640453457832E+00
     367  0.588231563568E+00
     368  0.617558777332E+00
     369  0.622969329357E+00
     370  0.608183681965E+00
     371  0.656172811985E+00
     372  0.596968650818E+00
     373  0.610707640648E+00
     374  0.667365491390E+00
     375  0.628478229046E+00
     376  0.645807802677E+00
     377  0.625993669033E+00
     378  0.642249464989E+00
     379  0.582770466805E+00
     380  0.630214869976E+00
     381  0.632206857204E+00
     382  0.641315639019E+00
     383  0.613338351250E+00
     384  0.624876201153E+00
     385  0.586165904999E+00
     386  0.652905642986E+00
     387  0.677765667439E+00
     388  0.663045823574E+00
     389  0.564761221409E+00
     390  0.593525648117E+00
     391  0.661168158054E+00
     392  0.624667286873E+00
     393  0.637379288673E+00
     394  0.581852495670E+00
     395  0.591941833496E+00
     396  0.618484437466E+00
     397  0.600868344307E+00
     398  0.661154985428E+00
     399  0.608605146408E+00
     400  0.609959483147E+00
