particles:      400 objects:        2 bonded_contacts:          0  mean_radius:   0.100000012138E-02
 -0.846999242285E-02 -0.846999242285E-02 -0.971993215510E-02  0.846999242285E-02  0.846999242285E-02  0.971993215510E-02
mat type  xcenter_mm          ycenter_mm          zcenter_mm          radius_mm           Temp_degC
1  cu^   -0.733720887308E-02  0.158331341239E-02 -0.788256418639E-02  0.963979476871E-03  0.0000E+00
1  cu    -0.680260222237E-02 -0.117598840021E-02  0.713358026952E-03  0.979030477261E-03  0.0000E+00
1  cu     0.742740359951E-02  0.869784479627E-04  0.583579314347E-02  0.104216860347E-02  0.0000E+00
1  cu     0.399951995384E-02 -0.420456248884E-02  0.386905132323E-02  0.969973925604E-03  0.0000E+00
1  cu     0.220817359483E-02 -0.479111722846E-02  0.316971545448E-02  0.104054897444E-02  0.0000E+00
1  cu    -0.193281238682E-02  0.723948918431E-02 -0.544106001577E-02  0.976973416482E-03  0.0000E+00
1  cu     0.560953970864E-02  0.443337803007E-02  0.920096909057E-02  0.101640327436E-02  0.0000E+00
1  cu     0.692625626780E-02  0.212054535549E-02  0.263842611128E-02  0.972508040059E-03  0.0000E+00
1  cu    -0.175307292944E-02 -0.723881985613E-02 -0.949918051006E-02  0.102194050879E-02  0.0000E+00
1  cu     0.332436383594E-02 -0.410285684760E-02  0.154730543445E-02  0.104563877074E-02  0.0000E+00
1  cu    -0.500558301674E-02 -0.156577868779E-02  0.583102394918E-02  0.100976856057E-02  0.0000E+00
1  cu    -0.431479958366E-02  0.297867485617E-02  0.179088945950E-02  0.100811359378E-02  0.0000E+00
1  cu    -0.991402350515E-03  0.661137433303E-02  0.368421237396E-02  0.972247116202E-03  0.0000E+00
1  cu     0.426939185366E-02 -0.384887180240E-02  0.885050076685E-02  0.997829793681E-03  0.0000E+00
1  cu    -0.426741330699E-02 -0.547290996468E-02 -0.535537640321E-02  0.969614969382E-03  0.0000E+00
1  cu     0.688583805714E-02 -0.403345596234E-03  0.490255062366E-03  0.102152956242E-02  0.0000E+00
1  cu     0.526891171578E-02 -0.370504717579E-02 -0.481581056358E-02  0.963560255131E-03  0.0000E+00
1  cu     0.727236877549E-03 -0.630546911923E-02 -0.549805718775E-02  0.102375219342E-02  0.0000E+00
1  cu     0.193898422841E-02  0.606880512433E-02 -0.128152440420E-02  0.962458155996E-03  0.0000E+00
1  cu     0.368386823168E-02  0.365585275719E-02  0.323604906974E-03  0.955062339674E-03  0.0000E+00
1  cu    -0.950494049396E-03 -0.580335851449E-02  0.601607233664E-02  0.973463752855E-03  0.0000E+00
1  cu    -0.300633322211E-02 -0.571165694584E-02  0.309785625611E-02  0.999227075909E-03  0.0000E+00
1  cu     0.370734240730E-02  0.471690118941E-02  0.553328686791E-02  0.991580694890E-03  0.0000E+00
1  cu     0.517946773422E-02 -0.443759731558E-03 -0.522846341785E-03  0.963514962569E-03  0.0000E+00
1  cu     0.244745547006E-02 -0.558886657198E-02 -0.753669616625E-02  0.975845110755E-03  0.0000E+00
1  cu    -0.615909695694E-02  0.414864905367E-02 -0.179156443701E-02  0.104404998301E-02  0.0000E+00
1  cu     0.742460419866E-02 -0.435558179303E-03 -0.149148516380E-02  0.103266148053E-02  0.0000E+00
1  cu    -0.157801096218E-03  0.519900439861E-02 -0.745797307355E-02  0.966479509228E-03  0.0000E+00
1  cu    -0.288017630228E-02 -0.530229687674E-02  0.578732907195E-02  0.103337605651E-02  0.0000E+00
1  cu     0.167126160381E-02 -0.722740782027E-02  0.948296951451E-02  0.105192049566E-02  0.0000E+00
1  cu    -0.616574697114E-02 -0.428504510832E-02 -0.398842626461E-02  0.961484035133E-03  0.0000E+00
1  cu    -0.681152490076E-02  0.127448979114E-02  0.624887430113E-02  0.999553603312E-03  0.0000E+00
1  cu     0.308023178025E-02 -0.684045168267E-02 -0.573282880792E-02  0.968055226175E-03  0.0000E+00
1  cu     0.619193646871E-02 -0.139357189293E-02 -0.594602820827E-02  0.100494442524E-02  0.0000E+00
1  cu    -0.597188309544E-02 -0.143412723400E-02 -0.629392186851E-02  0.105136609955E-02  0.0000E+00
1  cu     0.643298725181E-02  0.380305927150E-02 -0.846821246675E-02  0.996942899813E-03  0.0000E+00
1  cu     0.200652848969E-02  0.612808524354E-02 -0.802912191305E-02  0.104162361282E-02  0.0000E+00
1  cu    -0.148030439239E-02  0.642121780411E-02 -0.482649315989E-03  0.101073430367E-02  0.0000E+00
1  cu     0.385090852942E-02  0.419855020891E-02 -0.315232822067E-02  0.999985818105E-03  0.0000E+00
1  cu     0.180410665360E-02 -0.556200891257E-02  0.829608217695E-02  0.997487391194E-03  0.0000E+00
1  cu     0.304269851438E-02  0.616310564345E-02  0.253275277209E-02  0.954136119567E-03  0.0000E+00
1  cu     0.667178049347E-02  0.311473442115E-02  0.100557997671E-02  0.956168451676E-03  0.0000E+00
1  cu     0.652512176371E-02  0.121659063723E-02  0.790688458831E-02  0.102024430864E-02  0.0000E+00
1  cu    -0.237967998775E-02 -0.516177651408E-02 -0.956263408744E-03  0.103778332595E-02  0.0000E+00
1  cu    -0.141747216505E-02  0.624344329050E-02  0.715604661836E-02  0.102016535776E-02  0.0000E+00
1  cu    -0.349389337571E-02  0.480593649543E-02 -0.642678628469E-02  0.102438360909E-02  0.0000E+00
1  cu    -0.143671976710E-02 -0.734328694970E-02 -0.226341183558E-02  0.987555629247E-03  0.0000E+00
1  cu     0.484161025067E-02  0.209005329788E-02  0.710655596122E-02  0.103849632938E-02  0.0000E+00
1  cu    -0.291532159130E-02  0.686474148759E-02  0.409746680927E-02  0.101191969092E-02  0.0000E+00
1  cu    -0.171472615316E-02 -0.724925451690E-02  0.331603186259E-02  0.102070411199E-02  0.0000E+00
1  cu     0.380293231854E-02  0.642420917167E-02 -0.763542492976E-03  0.100464583618E-02  0.0000E+00
1  cu     0.616207706304E-03 -0.515386056397E-02 -0.710403084369E-02  0.955605476927E-03  0.0000E+00
1  cu     0.258777486658E-02 -0.704328405135E-02  0.218184491522E-03  0.966456586028E-03  0.0000E+00
1  cu     0.401359637264E-02  0.330885319645E-02 -0.489853611552E-02  0.966728268170E-03  0.0000E+00
1  cu     0.188108237589E-02 -0.641643951222E-02  0.195782146761E-02  0.101316963087E-02  0.0000E+00
1  cu     0.420022442567E-02  0.521610066185E-02  0.796052810072E-02  0.101774661121E-02  0.0000E+00
1  cu     0.643162268264E-02  0.462942148332E-04 -0.839311788524E-02  0.963979728005E-03  0.0000E+00
1  cu     0.402931218803E-02 -0.583725983944E-02  0.667000648759E-02  0.990228655148E-03  0.0000E+00
1  cu     0.649142673640E-02 -0.240656273464E-02 -0.944120137628E-02  0.971928562209E-03  0.0000E+00
1  cu     0.471214821696E-02 -0.296359539255E-02  0.252023052350E-02  0.996610551545E-03  0.0000E+00
1  cu     0.164917682146E-02 -0.729734015715E-02 -0.698657651140E-02  0.988670544297E-03  0.0000E+00
1  cu     0.266450289069E-03  0.518675367638E-02 -0.480771279146E-02  0.958673449109E-03  0.0000E+00
1  cu     0.526458487797E-02 -0.415408717913E-02 -0.784785174075E-02  0.102584296259E-02  0.0000E+00
1  cu    -0.335936233326E-02  0.624306215192E-02 -0.351538675780E-02  0.977457593016E-03  0.0000E+00
1  cu    -0.372575192313E-02 -0.391640548773E-02  0.300521378237E-04  0.104450712556E-02  0.0000E+00
1  cu    -0.390778313863E-02  0.349327911057E-02 -0.493352797064E-02  0.100660458207E-02  0.0000E+00
1  cu    -0.282927202448E-02 -0.509435881011E-02 -0.683111502315E-02  0.104119001681E-02  0.0000E+00
1  cu     0.332983357513E-02 -0.670051679342E-02 -0.889352371508E-02  0.987784526400E-03  0.0000E+00
1  cu    -0.419790025196E-02 -0.467559820764E-02  0.884090525995E-02  0.103098517357E-02  0.0000E+00
1  cu     0.533064629929E-02  0.523523276021E-02 -0.400626458649E-02  0.998552097935E-03  0.0000E+00
1  cu     0.521454020432E-02  0.278068129385E-03 -0.641266423367E-02  0.986978410085E-03  0.0000E+00
1  cu     0.549718848314E-02 -0.864937630256E-03  0.526481791961E-02  0.978384666385E-03  0.0000E+00
1  cu     0.363991671917E-02 -0.656348690024E-02 -0.321416672238E-02  0.964836980165E-03  0.0000E+00
1  cu    -0.409244418163E-02  0.365613554104E-02 -0.810007249112E-04  0.995074785389E-03  0.0000E+00
1  cu     0.225881384475E-02  0.711641117305E-02 -0.291430171324E-02  0.100373724338E-02  0.0000E+00
1  cu    -0.635504892087E-02  0.398140587369E-02 -0.604301573808E-02  0.970862752289E-03  0.0000E+00
1  cu    -0.518536602790E-02 -0.270599079435E-02 -0.491074948939E-02  0.985774965299E-03  0.0000E+00
1  cu    -0.508585860928E-02 -0.401375953025E-02 -0.756606704921E-02  0.977856902139E-03  0.0000E+00
1  cu    -0.493367990260E-02 -0.331594429214E-02  0.196081125685E-02  0.100366607159E-02  0.0000E+00
1  cu     0.585142816360E-02 -0.365632130538E-03 -0.321161439985E-02  0.101141924019E-02  0.0000E+00
1  cu    -0.727286370923E-02  0.143339401637E-02 -0.589228462632E-02  0.103307473491E-02  0.0000E+00
1  cu    -0.256429421471E-02 -0.455857866045E-02  0.764800489279E-02  0.995437302293E-03  0.0000E+00
1  cu     0.655782513406E-02  0.347610448180E-02  0.763732741220E-02  0.104787168616E-02  0.0000E+00
1  cu    -0.735997741625E-03  0.612652939355E-02 -0.908012077965E-02  0.989769984883E-03  0.0000E+00
1  cu    -0.152298282285E-02 -0.502545180478E-02  0.427678425923E-02  0.101625443127E-02  0.0000E+00
1  cu     0.205760992073E-02 -0.640617198884E-02 -0.213717512907E-02  0.955815062754E-03  0.0000E+00
1  cu     0.742776710775E-02 -0.476621149228E-03 -0.461939123333E-02  0.102703138136E-02  0.0000E+00
1  cu     0.102068906338E-03  0.527785119669E-02 -0.112294294941E-02  0.104391837230E-02  0.0000E+00
1  cu    -0.388764323301E-02 -0.352632003911E-02  0.593295261324E-02  0.101375803732E-02  0.0000E+00
1  cu     0.491323152019E-02  0.299778848267E-02 -0.705940374834E-02  0.997765994390E-03  0.0000E+00
1  cu     0.272380870349E-03  0.602456160692E-02 -0.302748512622E-02  0.100907361467E-02  0.0000E+00
1  cu     0.246686894557E-02  0.462506726606E-02  0.709735487946E-02  0.100684356334E-02  0.0000E+00
1  cu    -0.483705217811E-02 -0.239545910001E-02  0.377506478378E-02  0.103306986775E-02  0.0000E+00
1  cu     0.624757727498E-02 -0.417754380402E-02 -0.194524317844E-03  0.954438196900E-03  0.0000E+00
1  cu     0.433249624797E-02 -0.394705218279E-02  0.584336748580E-02  0.963513458023E-03  0.0000E+00
1  cu     0.665423533066E-02 -0.333004773113E-02 -0.657837584623E-02  0.102907219335E-02  0.0000E+00
1  cu    -0.396502021580E-02  0.476646036461E-02 -0.881389264628E-02  0.104465220766E-02  0.0000E+00
1  cu     0.555356425486E-02  0.360472192627E-02 -0.494678003970E-03  0.978174003156E-03  0.0000E+00
1  cu    -0.593636254563E-02 -0.257047251504E-02 -0.309167891491E-02  0.987050562482E-03  0.0000E+00
1  cu    -0.704823486071E-02 -0.246777314098E-02 -0.768652465615E-03  0.100230708389E-02  0.0000E+00
1  cu     0.515124938111E-02 -0.211350108155E-02  0.843983560101E-02  0.991613120713E-03  0.0000E+00
1  cu     0.707862895310E-02  0.250061216804E-02 -0.183972419132E-02  0.962703203280E-03  0.0000E+00
1  cu     0.747730604935E-02  0.272588320228E-03  0.228736630584E-02  0.987834734709E-03  0.0000E+00
1  cu    -0.377658190181E-02  0.492960854862E-02  0.549079834952E-02  0.953504929662E-03  0.0000E+00
1  cu     0.420973994715E-03 -0.708683689783E-02  0.674345022720E-02  0.104095011473E-02  0.0000E+00
1  cu     0.519696562011E-02  0.442483284761E-04  0.701735298104E-02  0.962213007818E-03  0.0000E+00
1  cu    -0.466489172375E-02  0.228843316302E-02 -0.135683925338E-02  0.961054530466E-03  0.0000E+00
1  cu     0.200329359428E-02 -0.698564814576E-02  0.397492403471E-02  0.103000734029E-02  0.0000E+00
1  cu    -0.570019446935E-02  0.692003067754E-03 -0.184636864092E-02  0.100379457305E-02  0.0000E+00
1  cu    -0.123885410524E-02  0.528917300953E-02  0.117394543646E-02  0.101035904783E-02  0.0000E+00
1  cu    -0.692411113162E-02  0.268368367073E-02  0.772442213095E-02  0.104403596749E-02  0.0000E+00
1  cu     0.420839821753E-02 -0.388601183317E-02 -0.917129132482E-03  0.973382094845E-03  0.0000E+00
1  cu    -0.149064354480E-02  0.568966119706E-02 -0.399482076128E-02  0.102979135547E-02  0.0000E+00
1  cu    -0.186767733981E-02  0.491986536713E-02  0.307666879304E-02  0.102748330398E-02  0.0000E+00
1  cu    -0.530568774080E-02  0.301255390180E-03 -0.533384411731E-02  0.104085766854E-02  0.0000E+00
1  cu     0.389871288570E-02  0.389495662151E-02  0.369072473824E-02  0.103514772159E-02  0.0000E+00
1  cu     0.292738683028E-02  0.431452027155E-02  0.197710246173E-02  0.978924317509E-03  0.0000E+00
1  cu    -0.422411015919E-02 -0.483177570117E-02 -0.181728395710E-02  0.102440924242E-02  0.0000E+00
1  cu     0.580553847358E-02  0.475305732093E-02  0.457902068694E-02  0.966948613407E-03  0.0000E+00
1  cu    -0.295300636669E-02  0.635832441226E-02  0.218349800131E-02  0.968439412119E-03  0.0000E+00
1  cu    -0.374965631903E-02  0.474678936858E-02 -0.174254113197E-02  0.101527311206E-02  0.0000E+00
1  cu     0.664836858504E-02  0.746644562232E-03  0.404877165848E-02  0.101602049057E-02  0.0000E+00
1  cu    -0.570232001638E-02 -0.134105324510E-02  0.775520451781E-02  0.953738440837E-03  0.0000E+00
1  cu    -0.548569276546E-03 -0.615091226993E-02 -0.287799713083E-03  0.981682563603E-03  0.0000E+00
1  cu     0.319668810316E-02 -0.409492122519E-02 -0.897043643623E-02  0.959943452640E-03  0.0000E+00
1  cu    -0.903187445600E-03 -0.513340301188E-02 -0.386641078325E-02  0.977279682982E-03  0.0000E+00
1  cu     0.188179823725E-02  0.493197638224E-02  0.359481500782E-02  0.104387066933E-02  0.0000E+00
1  cu     0.190457618483E-02  0.560956209838E-02  0.548494882617E-02  0.964336527933E-03  0.0000E+00
1  cu    -0.519580522673E-02 -0.448265506107E-02  0.472510665194E-02  0.100744541130E-02  0.0000E+00
1  cu     0.669102743809E-03 -0.518648563585E-02  0.933816339872E-03  0.994528712481E-03  0.0000E+00
1  cu     0.297075628017E-02 -0.426502000388E-02 -0.404307677706E-02  0.962812698737E-03  0.0000E+00
1  cu    -0.646874157205E-02  0.234698346748E-02 -0.272587439672E-02  0.100908836564E-02  0.0000E+00
1  cu    -0.228010654967E-03 -0.720381123314E-02  0.478324185635E-02  0.102738306674E-02  0.0000E+00
1  cu    -0.171705107476E-02  0.722216386928E-02  0.895144355730E-02  0.104662776141E-02  0.0000E+00
1  cu    -0.525324926324E-02 -0.158080492511E-03 -0.362902983305E-04  0.102070401034E-02  0.0000E+00
1  cu     0.666089705877E-02  0.246258085311E-02 -0.377001325787E-02  0.101269711549E-02  0.0000E+00
1  cu    -0.569353829484E-03 -0.536410161710E-02  0.251119874052E-02  0.101896668447E-02  0.0000E+00
1  cu     0.653061891884E-02 -0.222856439377E-02  0.432617498709E-02  0.973392854619E-03  0.0000E+00
1  cu    -0.349565984057E-02  0.389983709442E-02  0.881348023655E-02  0.100223305100E-02  0.0000E+00
1  cu     0.158301271361E-03  0.743395446032E-02  0.226037972198E-02  0.103442744732E-02  0.0000E+00
1  cu    -0.332841083194E-02 -0.665377395738E-02 -0.213222585502E-02  0.103021148009E-02  0.0000E+00
1  cu    -0.694477586193E-02  0.111918505025E-02  0.250116269583E-02  0.955626618665E-03  0.0000E+00
1  cu    -0.492981627950E-02  0.271001362076E-02  0.371515242969E-02  0.102997423282E-02  0.0000E+00
1  cu     0.288787731435E-02 -0.513884243739E-02 -0.159577330094E-03  0.998323099135E-03  0.0000E+00
1  cu    -0.513313060874E-02  0.537763696375E-02 -0.311894843872E-02  0.103581361998E-02  0.0000E+00
1  cu     0.490194521722E-02  0.557509112872E-02  0.297870180977E-02  0.104637386175E-02  0.0000E+00
1  cu     0.736431916134E-04 -0.680837914056E-02 -0.344936956954E-02  0.100610959643E-02  0.0000E+00
1  cu     0.497067937992E-02 -0.557027073433E-02  0.493205344205E-02  0.100439178106E-02  0.0000E+00
1  cu    -0.519530033733E-02 -0.957425658842E-03  0.965291458594E-02  0.104781548060E-02  0.0000E+00
1  cu     0.273913623769E-02  0.485055368135E-02 -0.473282462397E-02  0.103955451269E-02  0.0000E+00
1  cu     0.545555104145E-02  0.199805946041E-02 -0.537068872603E-02  0.103852225569E-02  0.0000E+00
1  cu    -0.216055305393E-02  0.527932088975E-02 -0.792052718170E-02  0.103332015590E-02  0.0000E+00
1  cu    -0.439466071362E-02  0.559552269965E-02  0.350965891474E-02  0.102404932950E-02  0.0000E+00
1  cu    -0.165168063847E-02  0.723811128762E-02 -0.744417668950E-02  0.104584258765E-02  0.0000E+00
1  cu    -0.282957296430E-02 -0.692147462840E-02 -0.782651254615E-02  0.992498863563E-03  0.0000E+00
1  cu     0.633153018324E-02 -0.389607854062E-02 -0.313320544723E-02  0.103584549571E-02  0.0000E+00
1  cu     0.194381643394E-02  0.722443390569E-02  0.133269782242E-02  0.988640874938E-03  0.0000E+00
1  cu    -0.349768315100E-03 -0.575457160480E-02  0.968926169475E-02  0.994527710943E-03  0.0000E+00
1  cu     0.577859395139E-02  0.475577352909E-02 -0.675019544593E-02  0.986121657948E-03  0.0000E+00
1  cu    -0.600478814599E-02 -0.327002429309E-02  0.607856761674E-02  0.981257473164E-03  0.0000E+00
1  cu     0.253310840966E-02  0.703110595807E-02 -0.627964758159E-02  0.996567063985E-03  0.0000E+00
1  cu     0.373842496960E-03  0.741967187571E-02 -0.797588477850E-02  0.104098241499E-02  0.0000E+00
1  cu     0.383856513759E-02 -0.643075679241E-02  0.157955586676E-02  0.980778763219E-03  0.0000E+00
1  cu    -0.552182422188E-02  0.146757435579E-02  0.117191435965E-02  0.102268786338E-02  0.0000E+00
1  cu     0.264941451044E-02  0.455372191202E-02  0.912815931452E-02  0.103346829941E-02  0.0000E+00
1  cu    -0.149593693365E-02  0.505984677342E-02 -0.596764368087E-02  0.104141382257E-02  0.0000E+00
1  cu     0.301155293496E-02 -0.427798745711E-02  0.736333315098E-02  0.996728598169E-03  0.0000E+00
1  cu     0.328548771728E-03 -0.706731380413E-02 -0.843431032299E-02  0.984472736244E-03  0.0000E+00
1  cu    -0.726334225351E-02 -0.154138209057E-02 -0.863587818461E-02  0.104499042762E-02  0.0000E+00
1  cu    -0.552614511741E-02 -0.495493562175E-02 -0.210002955920E-03  0.104780454443E-02  0.0000E+00
1  cu    -0.299924639272E-02  0.579272520693E-02  0.829752137476E-02  0.982042599090E-03  0.0000E+00
1  cu     0.402637698290E-02 -0.509723233321E-02 -0.551085245838E-02  0.102785327409E-02  0.0000E+00
1  cu    -0.488639089065E-02  0.561061787896E-02  0.897018045276E-02  0.102991449348E-02  0.0000E+00
1  cu    -0.386136323408E-02 -0.350610251991E-02 -0.612442762674E-02  0.980714838362E-03  0.0000E+00
1  cu     0.340612200589E-02 -0.395318778296E-02 -0.704394912014E-02  0.983237891086E-03  0.0000E+00
1  cu    -0.301585797951E-02 -0.679571594894E-02  0.137672191170E-02  0.103527369381E-02  0.0000E+00
1  cu    -0.971359081243E-03 -0.519014009713E-02 -0.588684483987E-02  0.104529189871E-02  0.0000E+00
1  cu     0.689060185539E-02  0.298365649451E-02  0.436835418789E-02  0.961216591578E-03  0.0000E+00
1  cu    -0.693838046335E-02  0.265084733382E-02 -0.962934916337E-02  0.104250443768E-02  0.0000E+00
1  cu     0.649960387541E-02 -0.138425903101E-02  0.686172901285E-02  0.977418696075E-03  0.0000E+00
1  cu     0.722391151396E-02 -0.172968494401E-02  0.250117048347E-02  0.104195954270E-02  0.0000E+00
1  cu    -0.470882593893E-02 -0.302518429576E-02  0.770458540517E-02  0.100234743829E-02  0.0000E+00
1  cu     0.149082526929E-02  0.602232837393E-02  0.825433111086E-02  0.103153560539E-02  0.0000E+00
1  cu     0.706301574457E-03 -0.745745160022E-02  0.489407604012E-03  0.979192412065E-03  0.0000E+00
1  cu     0.456672475412E-02  0.266251531076E-02 -0.199673787774E-02  0.105128238913E-02  0.0000E+00
1  cu    -0.421338207939E-02 -0.619855229204E-02  0.458214228047E-02  0.975151021396E-03  0.0000E+00
1  cu    -0.563282474727E-02  0.493475436976E-02  0.494198518481E-02  0.981314076353E-03  0.0000E+00
1  cu    -0.425851581391E-02  0.387269104241E-02  0.700842881221E-02  0.957699679152E-03  0.0000E+00
1  cu     0.227423687934E-02  0.715103190964E-02  0.970420690967E-02  0.966163938919E-03  0.0000E+00
1  cu    -0.517863143453E-02  0.533825189961E-02 -0.400194330038E-03  0.103261091944E-02  0.0000E+00
1  cu     0.745961746637E-02  0.787594613903E-03 -0.307528093780E-02  0.968972994240E-03  0.0000E+00
1  cu    -0.741834772941E-02  0.978030653899E-03  0.438027675406E-02  0.987498425140E-03  0.0000E+00
1  cu     0.671280553454E-02 -0.918428402195E-03  0.875252948918E-02  0.981723166142E-03  0.0000E+00
1  cu    -0.517239130737E-02  0.147495536166E-02 -0.700732389674E-02  0.100774924422E-02  0.0000E+00
1  cu    -0.743727465081E-02 -0.639033306948E-03  0.321578069459E-02  0.100538932814E-02  0.0000E+00
1  cu     0.519280554902E-02 -0.543203428676E-02  0.817546087663E-02  0.955362686463E-03  0.0000E+00
1  cu    -0.571623797725E-02 -0.127835234433E-02 -0.162649384334E-02  0.979032860021E-03  0.0000E+00
1  cu    -0.746472607700E-02 -0.212301393328E-03 -0.709193481056E-02  0.100226387437E-02  0.0000E+00
1  cu     0.736968536453E-02  0.140281977699E-02 -0.528580283369E-02  0.968089684968E-03  0.0000E+00
1  cu     0.539975241138E-02 -0.522878813443E-02  0.303842239218E-02  0.953544404117E-03  0.0000E+00
1  cu    -0.607103671370E-02  0.443076902528E-02  0.112683429341E-02  0.954086437907E-03  0.0000E+00
1  cu     0.496525837697E-02 -0.170772062560E-02 -0.200722996551E-02  0.997897482515E-03  0.0000E+00
1  cu    -0.335844131872E-02  0.665542148278E-02 -0.937679357762E-02  0.101520808103E-02  0.0000E+00
1  cu    -0.606732374021E-02  0.311019220861E-02 -0.781339858392E-02  0.102340126144E-02  0.0000E+00
1  cu    -0.612867059460E-02  0.302473469450E-02  0.542750000381E-02  0.105091570764E-02  0.0000E+00
1  cu    -0.593499077925E-02  0.437765028001E-02  0.306459700900E-02  0.989179297311E-03  0.0000E+00
1  cu    -0.543090077170E-02 -0.223386743963E-02 -0.823467921907E-02  0.954789027983E-03  0.0000E+00
1  cu    -0.729832472371E-02  0.160258052395E-02 -0.105711013967E-02  0.997861394363E-03  0.0000E+00
1  cu     0.533838914953E-02 -0.127562778050E-02  0.155163455697E-02  0.104788093616E-02  0.0000E+00
1  cu     0.453633007470E-02  0.584424131666E-02 -0.570169891727E-02  0.970352317591E-03  0.0000E+00
1  cu    -0.105288428537E-02 -0.738785194423E-02 -0.703550138712E-02  0.100753589627E-02  0.0000E+00
1  cu    -0.745860466780E-02 -0.640814621153E-03 -0.515263927477E-02  0.983945674568E-03  0.0000E+00
1  cu    -0.189651208087E-02  0.511960095228E-02  0.507525343587E-02  0.981368248944E-03  0.0000E+00
1  cu    -0.664518883505E-02 -0.227758783090E-02  0.235795531455E-02  0.100683147316E-02  0.0000E+00
1  cu    -0.568644878802E-02 -0.489749846702E-02  0.286005743632E-02  0.965288955095E-03  0.0000E+00
1  cu     0.513575330736E-02 -0.795718111044E-03 -0.955784455825E-02  0.962073117254E-03  0.0000E+00
1  cu    -0.179408128810E-02 -0.635409633210E-02  0.810948151125E-02  0.101226372278E-02  0.0000E+00
1  cu    -0.494960503920E-02  0.178397239272E-02  0.849934113100E-02  0.102635025964E-02  0.0000E+00
1  cu    -0.373515677489E-02  0.650359798990E-02 -0.540845095492E-02  0.970303012157E-03  0.0000E+00
1  cu    -0.334044745177E-02 -0.407099528707E-02 -0.855895222896E-02  0.103111008744E-02  0.0000E+00
1  cu    -0.608645942748E-02  0.292216844705E-02 -0.139030522098E-03  0.101538543947E-02  0.0000E+00
1  cu    -0.315332337099E-02  0.671911627068E-02  0.613801402869E-02  0.104778546444E-02  0.0000E+00
1  cu     0.257789915929E-02  0.555967644091E-02  0.520111986789E-03  0.969387526699E-03  0.0000E+00
1  cu     0.726307993271E-02  0.154486451482E-02 -0.844432013054E-04  0.104445049547E-02  0.0000E+00
1  cu     0.517653948603E-02  0.223353279087E-02  0.363991057089E-02  0.104672258737E-02  0.0000E+00
1  cu     0.128757081793E-02  0.732017631641E-02 -0.469790554927E-02  0.103746585422E-02  0.0000E+00
1  cu     0.552421791265E-02 -0.373220993310E-02  0.734508205797E-02  0.965649666996E-03  0.0000E+00
1  cu    -0.479297006726E-02  0.578230606195E-02  0.157558807580E-02  0.959517710459E-03  0.0000E+00
1  cu    -0.745654781155E-02  0.673639430794E-03  0.685203516679E-03  0.983119868375E-03  0.0000E+00
1  cu    -0.341147378725E-02  0.631527479163E-02  0.221121367088E-03  0.104737933142E-02  0.0000E+00
1  cu    -0.724157019983E-02 -0.941438115144E-03 -0.302018718798E-02  0.103348914330E-02  0.0000E+00
1  cu     0.436035461249E-02 -0.330846704603E-02 -0.303907307398E-02  0.100043498425E-02  0.0000E+00
1  cu     0.697991331808E-02 -0.275354893212E-02  0.815519810018E-02  0.966656390826E-03  0.0000E+00
1  cu     0.174039577094E-02  0.723861103410E-02  0.356427439584E-02  0.102515659701E-02  0.0000E+00
1  cu    -0.556085440177E-02  0.234999544091E-02 -0.521632130708E-02  0.102320353745E-02  0.0000E+00
1  cu    -0.564101153886E-02  0.114267142435E-02 -0.912050072634E-02  0.101101835103E-02  0.0000E+00
1  cu     0.681497870451E-02 -0.312217364701E-02  0.603254840678E-02  0.973983666257E-03  0.0000E+00
1  cu    -0.118622465140E-02  0.739781277865E-02 -0.218953453816E-02  0.977708610640E-03  0.0000E+00
1  cu     0.524487170845E-02  0.536559214693E-02 -0.852693948016E-02  0.966907934631E-03  0.0000E+00
1  cu    -0.666351240164E-02  0.667553612054E-03  0.819265242491E-02  0.104221374730E-02  0.0000E+00
1  cu     0.578239468421E-02  0.100999658587E-02 -0.172360838263E-02  0.101620803178E-02  0.0000E+00
1  cu     0.473039328981E-04  0.524299771473E-02  0.466947737294E-02  0.100828455436E-02  0.0000E+00
1  cu    -0.670198681795E-02 -0.320607902541E-02  0.418170620252E-02  0.104071740576E-02  0.0000E+00
1  cu    -0.658133001104E-02 -0.355834373956E-02  0.829756744497E-03  0.988374586138E-03  0.0000E+00
1  cu     0.630474159393E-02  0.258666772296E-02  0.943099421703E-02  0.970229956885E-03  0.0000E+00
1  cu     0.529609190927E-02  0.530415370672E-02 -0.142120676113E-02  0.974508270435E-03  0.0000E+00
1  cu     0.510146559499E-02 -0.233990850146E-02 -0.147498380649E-03  0.971115373864E-03  0.0000E+00
1  cu     0.204625636025E-02 -0.480828221042E-02 -0.577699311982E-02  0.990593405331E-03  0.0000E+00
1  cu     0.689721514186E-02 -0.283114468603E-02 -0.147545743719E-02  0.101434739449E-02  0.0000E+00
1  cu     0.629377440187E-02 -0.398403895944E-02  0.179307504469E-02  0.102124421156E-02  0.0000E+00
1  cu     0.290695653371E-02 -0.544130873843E-02  0.502167835137E-02  0.104303375655E-02  0.0000E+00
1  cu    -0.239336625907E-02  0.462489053566E-02 -0.294676046397E-03  0.972519626475E-03  0.0000E+00
1  cu     0.694989821625E-02  0.281371800771E-02 -0.654966755294E-02  0.972148481418E-03  0.0000E+00
1  cu     0.340712787688E-02  0.474521228695E-02 -0.846292927707E-02  0.974031091199E-03  0.0000E+00
1  cu     0.434441850446E-02  0.610953289260E-02  0.111251693964E-02  0.973376000428E-03  0.0000E+00
1  cu    -0.106142835949E-02 -0.738719800977E-02  0.139185898387E-02  0.100697219036E-02  0.0000E+00
1  cu    -0.298949493179E-02 -0.686295822208E-02 -0.585736644981E-02  0.984245570109E-03  0.0000E+00
1  cu    -0.630603856691E-02  0.392295914261E-02 -0.403040758384E-02  0.104337222166E-02  0.0000E+00
1  cu     0.331731658752E-02  0.674527730341E-02 -0.451773583392E-02  0.953202200276E-03  0.0000E+00
1  cu     0.517263298107E-02 -0.125948329960E-02 -0.765915348678E-02  0.992901833525E-03  0.0000E+00
1  cu    -0.447993406540E-02 -0.543005507309E-02  0.144631996475E-02  0.968200107973E-03  0.0000E+00
1  cu     0.196497312444E-02 -0.717546518332E-02 -0.410879007734E-02  0.103040115592E-02  0.0000E+00
1  cu    -0.526511717991E-02 -0.532170591924E-02 -0.901695027935E-02  0.983957938146E-03  0.0000E+00
1  cu    -0.575979008346E-02 -0.691742429520E-03  0.423589147728E-02  0.958671668394E-03  0.0000E+00
1  cu     0.201073518686E-02  0.718662257987E-02  0.666354239602E-02  0.100746502345E-02  0.0000E+00
1  cu    -0.367683935872E-02 -0.644200967558E-02 -0.962476000460E-02  0.105257207956E-02  0.0000E+00
1  cu    -0.132690017515E-02  0.735480937310E-02  0.547586076498E-02  0.996549006451E-03  0.0000E+00
1  cu    -0.523348392601E-02 -0.708821647383E-03 -0.350902777350E-02  0.104631439746E-02  0.0000E+00
1  cu     0.313381757772E-02  0.452601577664E-02 -0.132582592654E-02  0.989605993196E-03  0.0000E+00
1  cu     0.185525527199E-03  0.742359600332E-02  0.182290080644E-03  0.104410142305E-02  0.0000E+00
1  cu    -0.511977089521E-02 -0.231661659407E-02  0.156265426457E-03  0.104427848253E-02  0.0000E+00
1  cu    -0.887066696619E-03 -0.744266752597E-02 -0.506112436697E-02  0.974674795858E-03  0.0000E+00
1  cu     0.706241934198E-03  0.747177989704E-02 -0.175732502145E-02  0.965007342812E-03  0.0000E+00
1  cu    -0.736870461329E-02 -0.121145615277E-02  0.878628990161E-02  0.100237953824E-02  0.0000E+00
1  cu    -0.109513858129E-03  0.667142544310E-02 -0.609381622249E-02  0.104139706853E-02  0.0000E+00
1  cu    -0.695014450386E-02  0.274946173705E-02  0.357342711054E-02  0.995870291405E-03  0.0000E+00
1  cu    -0.458191124075E-02  0.338240752537E-02 -0.301652580898E-02  0.102864145545E-02  0.0000E+00
1  cu    -0.649515076853E-02 -0.320830161964E-02 -0.964315548399E-02  0.104867717165E-02  0.0000E+00
1  cu     0.329067750728E-02  0.410227039096E-02 -0.657498806196E-02  0.102407897495E-02  0.0000E+00
1  cu    -0.225331416547E-02 -0.712967609997E-02 -0.472287788096E-03  0.992754870931E-03  0.0000E+00
1  cu     0.457770524976E-02 -0.255225019312E-02 -0.625538522561E-02  0.100622475804E-02  0.0000E+00
1  cu     0.637496975443E-02  0.394036650901E-02 -0.506879686740E-02  0.975598181488E-03  0.0000E+00
1  cu    -0.374329472240E-02  0.651137552134E-02 -0.744551346516E-02  0.959319987217E-03  0.0000E+00
1  cu     0.498447673452E-02  0.173719183889E-02  0.304965076485E-04  0.104353877548E-02  0.0000E+00
1  cu     0.122713696878E-02 -0.512221552457E-02  0.619739400551E-02  0.103218369738E-02  0.0000E+00
1  cu     0.377350139617E-02 -0.649767707988E-02 -0.129910257991E-02  0.956092462244E-03  0.0000E+00
1  cu     0.383144069456E-02  0.644815677672E-02  0.644576316791E-02  0.969481523025E-03  0.0000E+00
1  cu    -0.265192692895E-02 -0.501530872056E-02 -0.303904308770E-02  0.960989199724E-03  0.0000E+00
1  cu     0.518632788453E-02 -0.448351998619E-03  0.338647291320E-02  0.970696051972E-03  0.0000E+00
1  cu    -0.117195578999E-03 -0.525757525333E-02  0.774707773662E-02  0.102395220151E-02  0.0000E+00
1  cu     0.501030288192E-02  0.140060583598E-02 -0.350849206124E-02  0.967473818504E-03  0.0000E+00
1  cu    -0.508304670329E-02 -0.116994629081E-02  0.182522191563E-02  0.980990006442E-03  0.0000E+00
1  cu     0.441859242448E-02 -0.597169815533E-02 -0.734433265373E-02  0.104142335360E-02  0.0000E+00
1  cu     0.394967912581E-02  0.636852820920E-02 -0.748202425730E-02  0.976127249223E-03  0.0000E+00
1  cu     0.550974840052E-02  0.798299563548E-03  0.182786012208E-02  0.105125600242E-02  0.0000E+00
1  cu     0.695978189059E-02 -0.272848401333E-02 -0.467079864744E-02  0.994537717328E-03  0.0000E+00
1  cu    -0.476300647701E-02  0.575945812926E-02  0.695346173543E-02  0.996281689210E-03  0.0000E+00
1  cu    -0.521523641089E-02 -0.339874958626E-03 -0.784383526936E-02  0.991342341452E-03  0.0000E+00
1  cu     0.539964505810E-02 -0.516147542742E-02 -0.183858444792E-02  0.100029825227E-02  0.0000E+00
1  cu    -0.743054971672E-02 -0.418485992796E-03 -0.103549296195E-02  0.102768040014E-02  0.0000E+00
1  cu     0.403812268942E-02  0.628545214632E-02  0.966281703616E-02  0.999187549646E-03  0.0000E+00
1  cu     0.474133103384E-02 -0.216120767878E-02  0.651627965403E-02  0.975758938364E-03  0.0000E+00
1  cu     0.148770612912E-02  0.503981258666E-02 -0.635718294830E-02  0.101983516802E-02  0.0000E+00
1  cu    -0.734721204773E-02 -0.148341438379E-02  0.500420039046E-02  0.974597000481E-03  0.0000E+00
1  cu    -0.601469214539E-03  0.747790435481E-02 -0.404352506000E-02  0.968023927451E-03  0.0000E+00
1  cu     0.360043164299E-03 -0.744092406978E-02  0.283625458080E-02  0.102044005348E-02  0.0000E+00
1  cu     0.508768912603E-02  0.108061140936E-02  0.944027897282E-02  0.966204115429E-03  0.0000E+00
1  cu    -0.590069986753E-02 -0.461019157294E-02  0.776975895915E-02  0.981930445078E-03  0.0000E+00
1  cu    -0.619281136011E-02 -0.418602783956E-02 -0.594217785854E-02  0.995168128478E-03  0.0000E+00
1  cu    -0.247154642319E-02  0.458104761370E-02  0.686070421897E-02  0.970288016034E-03  0.0000E+00
1  cu     0.459970549862E-02 -0.247952920267E-02  0.458120466863E-02  0.990495147247E-03  0.0000E+00
1  cu     0.461805217108E-02  0.319236340496E-02  0.194875648199E-02  0.976260845061E-03  0.0000E+00
1  cu     0.407741106021E-02  0.622839338602E-02 -0.276544029852E-02  0.102568064810E-02  0.0000E+00
1  cu    -0.217431988797E-02 -0.500930703046E-02  0.953398639311E-02  0.982570737046E-03  0.0000E+00
1  cu     0.621698491312E-02 -0.418005949845E-02  0.923515277071E-02  0.978432491940E-03  0.0000E+00
1  cu     0.718056023145E-02  0.190700605786E-02 -0.833142259170E-02  0.104053083917E-02  0.0000E+00
1  cu     0.448654827246E-03 -0.741416965001E-02 -0.151503580917E-02  0.104229853997E-02  0.0000E+00
1  cu     0.576969103161E-02  0.480615169594E-02  0.101158259392E-02  0.960835164346E-03  0.0000E+00
1  cu    -0.595069803629E-02  0.458033121979E-02 -0.914028037170E-02  0.960736402501E-03  0.0000E+00
1  cu    -0.414791669829E-02  0.313745898590E-02 -0.729188554511E-02  0.965931781546E-03  0.0000E+00
1  cu     0.513041612102E-02  0.108664858749E-02  0.534537141187E-02  0.100929486727E-02  0.0000E+00
1  cu    -0.647736621601E-03 -0.515264689563E-02 -0.194811726594E-02  0.958211141544E-03  0.0000E+00
1  cu     0.106844125114E-03  0.533024515038E-02  0.266531679162E-02  0.999020625104E-03  0.0000E+00
1  cu    -0.443772580906E-02 -0.280558090077E-02 -0.172447855210E-02  0.101524632473E-02  0.0000E+00
1  cu    -0.168173794039E-02  0.503406529102E-02 -0.208576733889E-02  0.997918350327E-03  0.0000E+00
1  cu    -0.488369931724E-02 -0.562404319481E-02  0.637295498110E-02  0.102152401959E-02  0.0000E+00
1  cu    -0.247314592135E-02 -0.704007711314E-02 -0.394148903615E-02  0.100816036399E-02  0.0000E+00
1  cu     0.342653581028E-03  0.526749876609E-02  0.669959901492E-02  0.104373108221E-02  0.0000E+00
1  cu     0.748183860255E-02  0.111676354560E-03 -0.674990733507E-02  0.987360087708E-03  0.0000E+00
1  cu    -0.403486137039E-02 -0.631751761625E-02 -0.287318857258E-03  0.973961496452E-03  0.0000E+00
1  cu    -0.308891936291E-02  0.452514885779E-02  0.152972565399E-02  0.982670654389E-03  0.0000E+00
1  cu    -0.688763664283E-02 -0.289249895601E-02  0.781124324860E-02  0.999715490282E-03  0.0000E+00
1  cu     0.560733799716E-02  0.492561905830E-02  0.653476962515E-02  0.100651352308E-02  0.0000E+00
1  cu     0.246021881261E-02 -0.704608476387E-02  0.692314400709E-02  0.100679543583E-02  0.0000E+00
1  cu    -0.709471880947E-02 -0.247733691086E-02 -0.464785561688E-02  0.955264200976E-03  0.0000E+00
1  cu    -0.371424893124E-03  0.532344651437E-02  0.859530497952E-02  0.982968391394E-03  0.0000E+00
1  cu     0.191579886091E-02  0.487528086390E-02 -0.286368620807E-02  0.100323826954E-02  0.0000E+00
1  cu     0.147244679742E-02 -0.505943003247E-02 -0.920775118616E-02  0.103006998558E-02  0.0000E+00
1  cu    -0.113868404049E-02 -0.556250560721E-02 -0.790932364829E-02  0.101811075747E-02  0.0000E+00
1  cu    -0.391063042391E-02 -0.354752224591E-02 -0.357270312774E-02  0.104497359585E-02  0.0000E+00
1  cu     0.730973174391E-02 -0.169181282798E-02 -0.304292151612E-02  0.967114660483E-03  0.0000E+00
1  cu     0.747796418297E-02  0.675799823461E-03  0.955808865710E-02  0.961650835603E-03  0.0000E+00
1  cu    -0.692399562977E-02 -0.292575037164E-02 -0.723559836670E-02  0.953257273905E-03  0.0000E+00
1  cu    -0.516680254874E-02  0.518159550931E-03  0.287322495239E-02  0.957768746971E-03  0.0000E+00
1  cu     0.385773646792E-02 -0.639296943326E-02  0.352738774261E-02  0.967661811161E-03  0.0000E+00
1  cu    -0.612053981838E-02  0.434808892957E-02  0.694431238033E-02  0.962267153505E-03  0.0000E+00
1  cu    -0.737616062776E-02  0.931420526696E-03 -0.388849608542E-02  0.103529011898E-02  0.0000E+00
1  cu    -0.521001300737E-02  0.207329578035E-03  0.670860707860E-02  0.979181502799E-03  0.0000E+00
1  cu     0.495494995419E-02 -0.178452114775E-02 -0.437629659035E-02  0.103152963804E-02  0.0000E+00
1  cu    -0.488789447313E-02 -0.567167604251E-02 -0.351500085334E-02  0.982736459740E-03  0.0000E+00
1  cu     0.513638746356E-03 -0.530571177758E-02  0.426098181642E-02  0.103969808801E-02  0.0000E+00
1  cu    -0.198848560683E-03 -0.746157346311E-02  0.865761905719E-02  0.100587134464E-02  0.0000E+00
1  cu    -0.338120288830E-02  0.394002764001E-02  0.390528739430E-02  0.956986731411E-03  0.0000E+00
1  cu    -0.263289209714E-02 -0.450078897468E-02 -0.490979287340E-02  0.979341231233E-03  0.0000E+00
1  cu    -0.219185524275E-02 -0.714332804553E-02  0.527465028341E-02  0.998014225656E-03  0.0000E+00
1  cu     0.722592201816E-02 -0.167394255732E-02 -0.770269458199E-02  0.105279280000E-02  0.0000E+00
1  cu     0.455644932933E-02 -0.262289784287E-02 -0.900943611287E-02  0.102256615442E-02  0.0000E+00
1  cu    -0.288146274479E-02  0.433762320380E-02 -0.347585985186E-02  0.966044212100E-03  0.0000E+00
1  cu    -0.545402388306E-02  0.371233634377E-02  0.864542388740E-02  0.972337276798E-03  0.0000E+00
1  cu     0.712291301561E-02  0.211983521652E-02  0.615645920595E-02  0.103837627071E-02  0.0000E+00
1  cu     0.700831126384E-03  0.515775581760E-02  0.796080897247E-03  0.970206257872E-03  0.0000E+00
1  cu     0.623351970231E-03  0.707113890984E-02  0.523220748703E-02  0.989454866005E-03  0.0000E+00
1  cu     0.375451998417E-02  0.643806762586E-02  0.446073479637E-02  0.101714042226E-02  0.0000E+00
1  cu    -0.348170032591E-02 -0.391394552881E-02  0.384103176222E-02  0.100351526729E-02  0.0000E+00
1  cu     0.432068373076E-02  0.287747569163E-02  0.534955186831E-02  0.956177831354E-03  0.0000E+00
1  cu    -0.300303999520E-02  0.685967952742E-02 -0.169038191785E-02  0.981848788563E-03  0.0000E+00
1  cu    -0.463558768011E-02 -0.588832351879E-02 -0.724950102991E-02  0.976008048585E-03  0.0000E+00
1  cu    -0.741728264436E-02 -0.688029899764E-03  0.683265431718E-02  0.102091637768E-02  0.0000E+00
1  cu     0.625361536563E-02 -0.414415882183E-02  0.447408379214E-02  0.967913404294E-03  0.0000E+00
1  cu    -0.165274546883E-02 -0.493473993228E-02  0.900500440911E-03  0.969169815354E-03  0.0000E+00
1  cu    -0.312461446035E-02 -0.414803237628E-02  0.192631923048E-02  0.958245198975E-03  0.0000E+00
1  cu    -0.514295567374E-02  0.106023310266E-02  0.490618224058E-02  0.101612151110E-02  0.0000E+00
1  cu    -0.526579454343E-02  0.532281492702E-02 -0.513215501901E-02  0.982626263955E-03  0.0000E+00
1  cu     0.270547142597E-02 -0.451822807471E-02 -0.208322322147E-02  0.103132067891E-02  0.0000E+00
1  cu    -0.375491463096E-02 -0.648138760236E-02  0.778504858655E-02  0.979554429692E-03  0.0000E+00
1  cu    -0.696554511873E-02  0.281712267500E-02  0.162256807101E-02  0.956427995058E-03  0.0000E+00
1  cu    -0.159363344864E-02  0.734488098702E-02  0.124793150375E-02  0.954228887052E-03  0.0000E+00
1  cu     0.947028668615E-03  0.512080436063E-02 -0.941464549450E-02  0.972683869295E-03  0.0000E+00
1  cu    -0.504122725748E-02  0.129609874060E-02 -0.360623042303E-02  0.970236578978E-03  0.0000E+00
1  cu    -0.746368670020E-02  0.343679617428E-03 -0.939836772425E-02  0.998446287973E-03  0.0000E+00
1  cu     0.699333146183E-02 -0.247316497645E-02  0.557336188486E-03  0.105227860282E-02  0.0000E+00
1  cu    -0.439404455924E-02 -0.283654504828E-02  0.966792030734E-02  0.995120628799E-03  0.0000E+00
1  cu    -0.446820270989E-02  0.280271229615E-02 -0.922732122905E-02  0.102439828234E-02  0.0000E+00
1  cu    -0.615002511144E-02 -0.423607852630E-02 -0.202548313443E-02  0.100230455165E-02  0.0000E+00
1  cu    -0.475579385627E-02  0.208224799626E-02  0.654856730176E-02  0.956759715873E-03  0.0000E+00
1  cu     0.125527223404E-02 -0.513015199270E-02 -0.345517253269E-02  0.104653652304E-02  0.0000E+00
1  cu     0.625996591924E-02  0.400996966920E-02  0.277564054948E-02  0.103589580566E-02  0.0000E+00
1  cu    -0.194991826775E-02  0.481079562493E-02  0.959764666698E-02  0.956002729350E-03  0.0000E+00
1  cu     0.108051229061E-02 -0.512665877787E-02 -0.102040488288E-02  0.100362208177E-02  0.0000E+00
1  cu     0.494272285117E-02 -0.556525277043E-02 -0.930298925674E-02  0.102673615268E-02  0.0000E+00
1  cu     0.102015230036E-03  0.750934312339E-02  0.705876602031E-02  0.959964820470E-03  0.0000E+00
1  cu     0.335393580823E-03  0.742691275819E-02  0.923623438224E-02  0.103564262950E-02  0.0000E+00
1  cu     0.512986464459E-02 -0.540927709806E-02 -0.382031757917E-02  0.101516105969E-02  0.0000E+00
1  cu     0.625064691579E-02  0.408675208329E-02 -0.265108440025E-02  0.100194541904E-02  0.0000E+00
1  cu    -0.533023364957E-02  0.517666246359E-02 -0.729332160539E-02  0.103973287566E-02  0.0000E+00
1  cu     0.427079107746E-02  0.303476798661E-02 -0.895497630524E-02  0.100431388853E-02  0.0000E+00
1  cu     0.357393055044E-02 -0.652285203040E-02  0.854904852608E-02  0.103234531228E-02  0.0000E+00
1  cu     0.410827583306E-02  0.330895872173E-02  0.853140379281E-02  0.975257332123E-03  0.0000E+00
1  cu     0.489244236392E-02 -0.560314896872E-02  0.785763865380E-04  0.103153505529E-02  0.0000E+00
1  cu     0.502614007323E-02  0.133000603393E-02 -0.808635266643E-02  0.964238293021E-03  0.0000E+00
  list of objects:
** *****  ******************   ******************  ******************  *****************  **********
0  cylin  0.000000000000E+00  0.000000000000E+00  0.100000000000E+01  0.846999242285E-02  0.0000E+00
   C_cyl  0.000000000000E+00  0.000000000000E+00  0.000000000000E+00
** *****  ******************   ******************  ******************  *****************  **********
0  cylin  0.000000000000E+00  0.000000000000E+00  0.100000000000E+01  0.423499621059E-02  0.0000E+00
   C_cyl  0.000000000000E+00  0.000000000000E+00  0.000000000000E+00
** *****  ******************   ******************  ******************  *****************  **********
   bonded contacts (i,j):         0

