     408 <--particles(+8);objects-->      4 bonded_contacts:    1426  mean_radius:  0.500000060692E-03
 -0.433217205817E-02 -0.684183669525E-02 -0.292012184013E-02  0.434094418168E-02  0.684256507690E-02  0.292012184013E-02
   as -0.433217205817E-02 -0.684183669525E-02 -0.292012184013E-02  0.500000060692E-05
   as -0.433217205817E-02 -0.684183669525E-02  0.292012184013E-02  0.500000060692E-05
   as -0.433217205817E-02  0.684256507690E-02 -0.292012184013E-02  0.500000060692E-05
   as -0.433217205817E-02  0.684256507690E-02  0.292012184013E-02  0.500000060692E-05
   as  0.434094418168E-02 -0.684183669525E-02 -0.292012184013E-02  0.500000060692E-05
   as  0.434094418168E-02 -0.684183669525E-02  0.292012184013E-02  0.500000060692E-05
   as  0.434094418168E-02  0.684256507690E-02 -0.292012184013E-02  0.500000060692E-05
   as  0.434094418168E-02  0.684256507690E-02  0.292012184013E-02  0.500000060692E-05
cu^   -0.377202539738E-02  0.839631326955E-03 -0.233441880602E-02  0.481989738436E-03
cu    -0.327612225510E-02 -0.370840447431E-03  0.410855940579E-03  0.489515238630E-03
cu     0.379344171342E-02 -0.600392641355E-04  0.185097197125E-02  0.521084301735E-03
cu     0.193429553029E-02 -0.221287758886E-02  0.103064803561E-02  0.484986962802E-03
cu     0.103627289922E-02 -0.234144461739E-02  0.929887242385E-03  0.520274487220E-03
cu    -0.112280276698E-02  0.363936236835E-02 -0.149358711515E-02  0.488486708241E-03
cu     0.262488539684E-02  0.205090433647E-02  0.279298985049E-02  0.508201637180E-03
cu     0.363873963176E-02  0.108726781732E-02  0.841080924335E-03  0.486254020030E-03
cu    -0.880332517775E-03 -0.365351179287E-02 -0.287418003160E-02  0.510970254395E-03
cu     0.159813598738E-02 -0.193078492290E-02  0.334235202113E-03  0.522819385370E-03
cu    -0.237353071273E-02 -0.733275806645E-03  0.168469790520E-02  0.504884280285E-03
cu    -0.212336441291E-02  0.130872067953E-02  0.544254857010E-03  0.504056796890E-03
cu    -0.565907040305E-03  0.319945896514E-02  0.997809940460E-03  0.486123558101E-03
cu     0.221685511248E-02 -0.199427962449E-02  0.260947814917E-02  0.498914896841E-03
cu    -0.208556434461E-02 -0.247856263430E-02 -0.167664843779E-02  0.484807484691E-03
cu     0.335016529722E-02 -0.320843427571E-03  0.332383092436E-03  0.510764781210E-03
cu     0.270900751781E-02 -0.178348547864E-02 -0.150306564468E-02  0.481780127566E-03
cu     0.350147675557E-03 -0.311377798392E-02 -0.177383365433E-02  0.511876096710E-03
cu     0.700718089645E-03  0.318281437709E-02 -0.230874989616E-03  0.481229077998E-03
cu     0.182937572508E-02  0.169692388894E-02 -0.158216235977E-03  0.477531169837E-03
cu    -0.557330073870E-03 -0.291439759169E-02  0.162080268161E-02  0.486731876427E-03
cu    -0.142111864983E-02 -0.289308619866E-02  0.909079222295E-03  0.499613537955E-03
cu     0.199186418454E-02  0.246682882790E-02  0.170761209990E-02  0.495790347445E-03
cu     0.253352060525E-02 -0.991522324920E-04 -0.757826942360E-04  0.481757481285E-03
cu     0.115816913662E-02 -0.285461651797E-02 -0.236174455237E-02  0.487922555378E-03
cu    -0.315219417710E-02  0.212777267692E-02 -0.534738500745E-03  0.522024991505E-03
cu     0.377104631740E-02 -0.244040123345E-03 -0.353993790962E-03  0.516330740265E-03
cu    -0.756968734620E-04  0.248358584584E-02 -0.224673360128E-02  0.483239754614E-03
cu    -0.147254905276E-02 -0.265734355599E-02  0.177028063221E-02  0.516688028255E-03
cu     0.778933672385E-03 -0.366432443953E-02  0.279039299896E-02  0.525960247830E-03
cu    -0.312563731994E-02 -0.216025979712E-02 -0.113258650287E-02  0.480742017566E-03
cu    -0.350891662382E-02  0.851352248385E-03  0.195247696870E-02  0.499776801656E-03
cu     0.153780476900E-02 -0.347070829465E-02 -0.178331312391E-02  0.484027613087E-03
cu     0.303516255659E-02 -0.770080488030E-03 -0.174926667604E-02  0.502472212620E-03
cu    -0.303564347888E-02 -0.835719016035E-03 -0.170532042677E-02  0.525683049775E-03
cu     0.333766945449E-02  0.185408635811E-02 -0.262428392311E-02  0.498471449906E-03
cu     0.120952498550E-02  0.290577185610E-02 -0.242773911366E-02  0.520811806410E-03
cu    -0.860929501510E-03  0.315994907861E-02 -0.971569715530E-04  0.505367151835E-03
cu     0.212829504367E-02  0.209517929749E-02 -0.892715602805E-03  0.499992909053E-03
cu     0.113858993835E-02 -0.284437698501E-02  0.246712373462E-02  0.498743695597E-03
cu     0.162708941696E-02  0.282196371158E-02  0.918705238370E-03  0.477068059784E-03
cu     0.342403052960E-02  0.162321655871E-02  0.238231105459E-03  0.478084225838E-03
cu     0.312204006361E-02  0.258019954340E-03  0.239798867835E-02  0.510122154320E-03
cu    -0.126556798602E-02 -0.272760620045E-02 -0.254131099343E-03  0.518891662975E-03
cu    -0.440837896898E-03  0.311881920215E-02  0.218741886951E-02  0.510082678880E-03
cu    -0.173549459236E-02  0.246079135408E-02 -0.186743497808E-02  0.512191804545E-03
cu    -0.465070666743E-03 -0.379060314244E-02 -0.634179981260E-03  0.493777814623E-03
cu     0.238570845754E-02  0.952671773455E-03  0.228478962318E-02  0.519248164690E-03
cu    -0.136655887726E-02  0.352260405736E-02  0.116897856279E-02  0.505959845460E-03
cu    -0.879476801535E-03 -0.363856602603E-02  0.986590978725E-03  0.510352055995E-03
cu     0.163659099622E-02  0.344982985506E-02 -0.106222083356E-03  0.502322918090E-03
cu     0.285828067699E-03 -0.250124923258E-02 -0.229048326916E-02  0.477802738463E-03
cu     0.127165990515E-02 -0.361102581389E-02 -0.889792196845E-04  0.483228293014E-03
cu     0.206187076379E-02  0.141179187244E-02 -0.148587456592E-02  0.483364134085E-03
cu     0.936142031650E-03 -0.324503809663E-02  0.625585307655E-03  0.506584815435E-03
cu     0.190946853600E-02  0.259316251035E-02  0.251625753056E-02  0.508873305605E-03
cu     0.311161852590E-02  0.722005567500E-04 -0.251360591059E-02  0.481989864003E-03
cu     0.207998935354E-02 -0.307936670988E-02  0.203589792100E-02  0.495114327574E-03
cu     0.300763640132E-02 -0.131262934920E-02 -0.260651854324E-02  0.485964281104E-03
cu     0.239415699912E-02 -0.164106931599E-02  0.626788366375E-03  0.498305275772E-03
cu     0.805009627435E-03 -0.372132235685E-02 -0.218128178936E-02  0.494335272148E-03
cu     0.619808309900E-04  0.247513981680E-02 -0.135756031512E-02  0.479336724555E-03
cu     0.256397201227E-02 -0.216129876148E-02 -0.223776999091E-02  0.512921481295E-03
cu    -0.159959027920E-02  0.295335406004E-02 -0.107402791943E-02  0.488728796508E-03
cu    -0.174236585518E-02 -0.187973583281E-02 -0.165515079866E-03  0.522253562780E-03
cu    -0.188702225814E-02  0.169854562691E-02 -0.136981277803E-02  0.503302291035E-03
cu    -0.131825242748E-02 -0.267348740725E-02 -0.213659538480E-02  0.520595008405E-03
cu     0.159643823090E-02 -0.349021404818E-02 -0.262128408357E-02  0.493892263200E-03
cu    -0.213267092025E-02 -0.213851472244E-02  0.249345696448E-02  0.515492586785E-03
cu     0.273792176394E-02  0.262845163298E-02 -0.119281415654E-02  0.499276048967E-03
cu     0.256567091699E-02  0.352956838469E-05 -0.175324402443E-02  0.493489205042E-03
cu     0.290533120905E-02 -0.421306751380E-03  0.140707494675E-02  0.489192333193E-03
cu     0.190576913545E-02 -0.330185447980E-02 -0.109855889057E-02  0.482418490083E-03
cu    -0.227444169584E-02  0.184137333228E-02  0.137534271345E-04  0.497537392695E-03
cu     0.117575432602E-02  0.360494638012E-02 -0.792789965095E-03  0.501868621690E-03
cu    -0.326550327658E-02  0.198843987199E-02 -0.198462939133E-02  0.485431376145E-03
cu    -0.262479607647E-02 -0.166144486316E-02 -0.160194323410E-02  0.492887482650E-03
cu    -0.243995430049E-02 -0.205765391819E-02 -0.243798151822E-02  0.488928451070E-03
cu    -0.226681497959E-02 -0.208518277940E-02  0.552046799285E-03  0.501833035795E-03
cu     0.295483799214E-02 -0.273980424566E-03 -0.909821550985E-03  0.505709620095E-03
cu    -0.360890042494E-02  0.992895410810E-03 -0.164555459547E-02  0.516537367455E-03
cu    -0.118823958894E-02 -0.217508978973E-02  0.234030497166E-02  0.497718651146E-03
cu     0.330907502739E-02  0.179694575444E-02  0.228611994773E-02  0.523935843080E-03
cu    -0.256765827187E-03  0.314923310574E-02 -0.271540575702E-02  0.494884992441E-03
cu    -0.773182254660E-03 -0.237528579661E-02  0.113133381235E-02  0.508127215635E-03
cu     0.115129546554E-02 -0.305984082173E-02 -0.734375837315E-03  0.477907531377E-03
cu     0.374215721543E-02 -0.230192249184E-03 -0.143577158360E-02  0.513515690680E-03
cu    -0.566933449010E-04  0.260976780386E-02 -0.311199240228E-03  0.521959186150E-03
cu    -0.186237792448E-02 -0.164499548147E-02  0.186854231642E-02  0.506879018660E-03
cu     0.255529084628E-02  0.163773566712E-02 -0.213937368086E-02  0.498882997195E-03
cu     0.230165248406E-03  0.311238394127E-02 -0.954313244730E-03  0.504536807335E-03
cu     0.121222958929E-02  0.218799938977E-02  0.199120184327E-02  0.503421781670E-03
cu    -0.231061152222E-02 -0.139679204838E-02  0.109928811719E-02  0.516534933875E-03
cu     0.321180482452E-02 -0.204742839685E-02 -0.129597575070E-03  0.477219098450E-03
cu     0.223056972798E-02 -0.201382074152E-02  0.173362148388E-02  0.481756729011E-03
cu     0.340086989136E-02 -0.174428832120E-02 -0.206589741436E-02  0.514536096675E-03
cu    -0.191921558779E-02  0.226364561858E-02 -0.267850534866E-02  0.522326103830E-03
cu     0.271304857111E-02  0.176540907134E-02 -0.245890741204E-03  0.489087001578E-03
cu    -0.294207438849E-02 -0.130485111583E-02 -0.868868227440E-03  0.493525281241E-03
cu    -0.359088427869E-02 -0.113990066680E-02 -0.320860974291E-04  0.501153541945E-03
cu     0.267119983536E-02 -0.111572263098E-02  0.252712869605E-02  0.495806560357E-03
cu     0.356520171396E-02  0.135420844569E-02 -0.422410874645E-03  0.481351601640E-03
cu     0.382159861172E-02  0.178586342828E-03  0.883735839565E-03  0.493917367354E-03
cu    -0.176165930743E-02  0.260327898394E-02  0.151651299702E-02  0.476752464831E-03
cu     0.423075435126E-03 -0.335040152999E-02  0.200807452356E-02  0.520475057365E-03
cu     0.247048624441E-02 -0.227376004074E-03  0.208402067102E-02  0.481106503909E-03
cu    -0.234460307524E-02  0.910856150275E-03 -0.258627583485E-03  0.480527265233E-03
cu     0.936866269190E-03 -0.364177453631E-02  0.133124638675E-02  0.515003670145E-03
cu    -0.296295861435E-02  0.293240845978E-03 -0.572442950150E-03  0.501897286525E-03
cu    -0.616563818355E-03  0.247443362690E-02  0.377453090906E-03  0.505179523915E-03
cu    -0.350947980665E-02  0.154734790839E-02  0.234895125899E-02  0.522017983745E-03
cu     0.219522180433E-02 -0.207599214079E-02 -0.154181928592E-03  0.486691047422E-03
cu    -0.668791657605E-03  0.299202295143E-02 -0.104207185101E-02  0.514895677735E-03
cu    -0.105453979766E-02  0.227623612621E-02  0.103380852871E-02  0.513741651990E-03
cu    -0.298689712094E-02  0.237179694437E-03 -0.155254946008E-02  0.520428834270E-03
cu     0.203488528694E-02  0.195696234818E-02  0.106524261945E-02  0.517573860795E-03
cu     0.145785694509E-02  0.207338299010E-02  0.477475196266E-03  0.489462158754E-03
cu    -0.238415199168E-02 -0.228596315328E-02 -0.592955422000E-03  0.512204621210E-03
cu     0.290989953571E-02  0.220258078912E-02  0.163638777274E-02  0.483474306704E-03
cu    -0.142911498573E-02  0.296540858469E-02  0.628817389085E-03  0.484219706060E-03
cu    -0.189148478413E-02  0.233932230090E-02 -0.573424498365E-03  0.507636556030E-03
cu     0.329871648646E-02  0.531334543040E-03  0.144132750008E-02  0.508010245285E-03
cu    -0.305982087109E-02 -0.682056002530E-03  0.218135426338E-02  0.476869220419E-03
cu    -0.113467971858E-03 -0.311788808374E-02 -0.102849105317E-03  0.490841281801E-03
cu     0.144292809484E-02 -0.211705778411E-02 -0.283308768196E-02  0.479971726320E-03
cu    -0.680142076985E-03 -0.247573262726E-02 -0.100656406703E-02  0.488639841491E-03
cu     0.834049088040E-03  0.240201683184E-02  0.108716532654E-02  0.521935334665E-03
cu     0.110506402566E-02  0.293879082260E-02  0.164588846158E-02  0.482168263967E-03
cu    -0.242546908796E-02 -0.227665197225E-02  0.148450488902E-02  0.503722705650E-03
cu     0.347989276816E-03 -0.251365189093E-02  0.411857262946E-03  0.497264356240E-03
cu     0.151270824048E-02 -0.199267200345E-02 -0.126944295813E-02  0.481406349369E-03
cu    -0.326661012503E-02  0.119324302467E-02 -0.908465746385E-03  0.504544182820E-03
cu    -0.256221179493E-03 -0.377863729836E-02  0.161362262598E-02  0.513691533370E-03
cu    -0.699976222350E-03  0.376650165710E-02  0.266119229248E-02  0.523313880705E-03
cu    -0.251941352602E-02 -0.139010550690E-05  0.745607081570E-04  0.510352005170E-03
cu     0.327458313107E-02  0.118867446169E-02 -0.105620779405E-02  0.506348557745E-03
cu    -0.309212270305E-03 -0.303738258225E-02  0.734859055050E-03  0.509483342235E-03
cu     0.304261390596E-02 -0.127509433915E-02  0.114155326849E-02  0.486696427310E-03
cu    -0.177481041920E-02  0.178155621637E-02  0.252679356317E-02  0.501116525500E-03
cu     0.117977919312E-03  0.378858236111E-02  0.906356507940E-03  0.517213723660E-03
cu    -0.180800729755E-02 -0.334302301433E-02 -0.846245075700E-03  0.515105740045E-03
cu    -0.330277531214E-02  0.366529897775E-03  0.970008344760E-03  0.477813309332E-03
cu    -0.243106342459E-02  0.104773218892E-02  0.124235951525E-02  0.514987116410E-03
cu     0.132125824775E-02 -0.270531827427E-02  0.617895388080E-04  0.499161549568E-03
cu    -0.253966058067E-02  0.281549444427E-02 -0.946594994100E-03  0.517906809990E-03
cu     0.256646790821E-02  0.276939797378E-02  0.102318458612E-02  0.523186930875E-03
cu     0.648886777560E-04 -0.315633566348E-02 -0.968950623975E-03  0.503054798215E-03
cu     0.253934516155E-02 -0.280786262006E-02  0.151437053759E-02  0.502195890530E-03
cu    -0.279828014705E-02 -0.585138911045E-03 -0.283628359886E-02  0.523907740300E-03
cu     0.141580497617E-02  0.254126628868E-02 -0.122883001853E-02  0.519777256345E-03
cu     0.281680214328E-02  0.907083243705E-03 -0.167738492470E-02  0.519261127845E-03
cu    -0.109567700052E-02  0.273179718700E-02 -0.253216476618E-02  0.516660077950E-03
cu    -0.218168344746E-02  0.312898301026E-02  0.114403511459E-02  0.512024664750E-03
cu    -0.977073389355E-03  0.362879647758E-02 -0.229673959303E-02  0.522921293825E-03
cu    -0.150764834981E-02 -0.351499327151E-02 -0.238687017059E-02  0.496249431782E-03
cu     0.321898947618E-02 -0.200600129297E-02 -0.930174480985E-03  0.517922747855E-03
cu     0.883154336600E-03  0.370807621512E-02  0.348436577127E-03  0.494320437469E-03
cu    -0.370997497677E-04 -0.307107698599E-02  0.284006569542E-02  0.497263855472E-03
cu     0.292032613187E-02  0.240829576995E-02 -0.204330086014E-02  0.493060828974E-03
cu    -0.279858804942E-02 -0.158679619854E-02  0.183267564406E-02  0.490628736582E-03
cu     0.122789977594E-02  0.364363201414E-02 -0.202879641482E-02  0.498283531993E-03
cu     0.417111429013E-03  0.374159524713E-02 -0.235906759463E-02  0.520491207495E-03
cu     0.186334892436E-02 -0.327857010719E-02  0.474337182992E-03  0.490389381610E-03
cu    -0.283773455061E-02  0.760137369000E-03  0.411693815512E-03  0.511343931690E-03
cu     0.132757673044E-02  0.211687242221E-02  0.288051144816E-02  0.516734149705E-03
cu    -0.775633753175E-03  0.245634753664E-02 -0.175741014402E-02  0.520706911285E-03
cu     0.146600109198E-02 -0.204948668961E-02  0.216815735223E-02  0.498364299084E-03
cu     0.381409575669E-05 -0.380475812744E-02 -0.249924443819E-02  0.492236368122E-03
cu    -0.366764521799E-02 -0.849736161365E-03 -0.240678861682E-02  0.522495213810E-03
cu    -0.281693974756E-02 -0.257848287795E-02  0.578894873235E-04  0.523902272215E-03
cu    -0.164875785287E-02  0.269512891182E-02  0.240423547056E-02  0.491021299545E-03
cu     0.188313021567E-02 -0.257957389071E-02 -0.160815476920E-02  0.513926637045E-03
cu    -0.255235148160E-02  0.277364335419E-02  0.274103207115E-02  0.514957246740E-03
cu    -0.182001664129E-02 -0.167476772469E-02 -0.197878558575E-02  0.490357419181E-03
cu     0.165212813567E-02 -0.194126628020E-02 -0.212274725694E-02  0.491618945543E-03
cu    -0.148412813484E-02 -0.349398583371E-02  0.356649396622E-03  0.517636846905E-03
cu    -0.436060796557E-03 -0.255338186900E-02 -0.168225669148E-02  0.522645949355E-03
cu     0.348830723261E-02  0.150376323825E-02  0.150558609048E-02  0.480608295789E-03
cu    -0.354568680960E-02  0.102126155815E-02  0.285505314956E-02  0.521252218840E-03
cu     0.338533020758E-02 -0.812562281425E-03  0.198621194416E-02  0.488709348038E-03
cu     0.372238577951E-02 -0.723128944460E-03  0.110033048253E-02  0.520979771350E-03
cu    -0.245412226643E-02 -0.122742700524E-02  0.241149197750E-02  0.501173719145E-03
cu     0.946390603660E-03  0.294271706055E-02  0.250954111568E-02  0.515767802695E-03
cu     0.403449440867E-03 -0.377918234373E-02  0.169805772663E-03  0.489596206033E-03
cu     0.232598597372E-02  0.119719831596E-02 -0.747505981725E-03  0.525641194565E-03
cu    -0.208563093376E-02 -0.319165662999E-02  0.137323186595E-02  0.487575510698E-03
cu    -0.280965618221E-02  0.251800608092E-02  0.132564802678E-02  0.490657038176E-03
cu    -0.226469020295E-02  0.199326567253E-02  0.187478245447E-02  0.478849839576E-03
cu     0.120683045014E-02  0.365691358896E-02 -0.290081274736E-02  0.483081969460E-03
cu    -0.264470482266E-02  0.269987847953E-02 -0.120249173478E-03  0.516305459720E-03
cu     0.378047981614E-02  0.456808695364E-03 -0.844237751410E-03  0.484486497120E-03
cu    -0.383491885469E-02  0.375910059250E-03  0.145250171258E-02  0.493749212570E-03
cu     0.345388656879E-02 -0.585402018535E-03  0.275955591161E-02  0.490861583071E-03
cu    -0.241247074748E-02  0.708645830525E-03 -0.205175005755E-02  0.503874622110E-03
cu    -0.382141583162E-02 -0.385916859307E-03  0.100026219511E-02  0.502694664070E-03
cu     0.272735084194E-02 -0.270892649543E-02  0.233517027370E-02  0.477681343232E-03
cu    -0.290540081713E-02 -0.613128198395E-03 -0.336593206853E-03  0.489516430011E-03
cu    -0.376393697891E-02  0.536465072330E-04 -0.199758260442E-02  0.501131937185E-03
cu     0.372303264790E-02  0.700066775360E-03 -0.162025697759E-02  0.484044842484E-03
cu     0.264648764507E-02 -0.272598038558E-02  0.840300034045E-03  0.476772202059E-03
cu    -0.317822818043E-02  0.217130951378E-02  0.322435185008E-03  0.477043218953E-03
cu     0.236092397100E-02 -0.841999642420E-03 -0.494089568957E-03  0.498948741257E-03
cu    -0.157306971079E-02  0.344020890198E-02  0.282035556909E-02  0.507604040515E-03
cu    -0.299907274816E-02  0.135063365821E-02 -0.239708684947E-02  0.511700630720E-03
cu    -0.305411248508E-02  0.163421522016E-02  0.164968497491E-02  0.525457853820E-03
cu    -0.286633545647E-02  0.175448195771E-02  0.837134309125E-03  0.494589648656E-03
cu    -0.251845021425E-02 -0.115596275522E-02 -0.223636724546E-02  0.477394513991E-03
cu    -0.371063013628E-02  0.788350856420E-03 -0.322897815144E-03  0.498930697181E-03
cu     0.255155939560E-02 -0.730652210605E-03  0.570085381980E-03  0.523940468080E-03
cu     0.228152192682E-02  0.296353904854E-02 -0.169735275127E-02  0.485176158796E-03
cu    -0.732748968525E-03 -0.372864049709E-02 -0.200042098130E-02  0.503767948135E-03
cu    -0.379204302603E-02 -0.490695668731E-03 -0.152400251804E-02  0.491972837284E-03
cu    -0.927333686240E-03  0.274362542340E-02  0.169904780156E-02  0.490684124472E-03
cu    -0.328960275375E-02 -0.112451503435E-02  0.818800531690E-03  0.503415736580E-03
cu    -0.286904853281E-02 -0.260558372777E-02  0.917793392805E-03  0.482644477547E-03
cu     0.253706710684E-02 -0.390286039121E-03  0.281750818795E-02  0.481036558627E-03
cu    -0.853875754965E-03 -0.320798639528E-02  0.230894272545E-02  0.506131861390E-03
cu    -0.249118361097E-02  0.705158517465E-03  0.267089683934E-02  0.513175129820E-03
cu    -0.196988456824E-02  0.330457352560E-02 -0.165528993365E-02  0.485151506078E-03
cu    -0.152216186551E-02 -0.202459294681E-02 -0.270254224539E-02  0.515555043720E-03
cu    -0.308033492669E-02  0.139971747771E-02 -0.104392287135E-03  0.507692719735E-03
cu    -0.154631205470E-02  0.345578093284E-02  0.194042459982E-02  0.523892732220E-03
cu     0.122638862391E-02  0.285680857923E-02  0.320833722540E-03  0.484693763350E-03
cu     0.376341387424E-02  0.622751876930E-03  0.734315286105E-04  0.522225247735E-03
cu     0.269515732148E-02  0.120019843539E-02  0.105843528948E-02  0.523361293685E-03
cu     0.605892293595E-03  0.369939663576E-02 -0.147790524396E-02  0.518732927110E-03
cu     0.292977594368E-02 -0.188498654802E-02  0.215885627693E-02  0.482824833498E-03
cu    -0.249510971685E-02  0.290168310357E-02  0.554479874830E-03  0.479758855230E-03
cu    -0.381704731747E-02  0.378913514057E-03  0.380981190398E-03  0.491559934187E-03
cu    -0.179618899808E-02  0.304965307346E-02 -0.503615089990E-04  0.523689665710E-03
cu    -0.367735796894E-02 -0.755053685135E-03 -0.832676050715E-03  0.516744571650E-03
cu     0.225660364831E-02 -0.174637653704E-02 -0.829109363235E-03  0.500217492125E-03
cu     0.354457507819E-02 -0.144021980421E-02  0.257245526850E-02  0.483328195413E-03
cu     0.103426378355E-02  0.361734115157E-02  0.110477165730E-02  0.512578298505E-03
cu    -0.271234529752E-02  0.135238012163E-02 -0.158871902104E-02  0.511601768725E-03
cu    -0.300516667702E-02  0.334858967993E-03 -0.252571191089E-02  0.505509175515E-03
cu     0.353454619645E-02 -0.158869146051E-02  0.172915035717E-02  0.486991833128E-03
cu    -0.595794028690E-03  0.378546759010E-02 -0.575898431300E-03  0.488854305320E-03
cu     0.269774120052E-02  0.278729130409E-02 -0.263528858869E-02  0.483453967316E-03
cu    -0.330300952551E-02  0.199736827308E-03  0.246726580853E-02  0.521106873650E-03
cu     0.301162692961E-02  0.557132751725E-03 -0.420248211763E-03  0.508104015890E-03
cu    -0.116265851954E-03  0.249516154335E-02  0.130170803761E-02  0.504142277180E-03
cu    -0.332251890334E-02 -0.185704976633E-02  0.129131940219E-02  0.520358702880E-03
cu    -0.326226165220E-02 -0.189983712808E-02  0.437889661175E-03  0.494187293069E-03
cu     0.298946770316E-02  0.115171096387E-02  0.282585421328E-02  0.485114978443E-03
cu     0.261236101923E-02  0.273836768363E-02 -0.357192995328E-03  0.487254135218E-03
cu     0.270222812689E-02 -0.137810411811E-02 -0.522805277465E-04  0.485557686932E-03
cu     0.948416720825E-03 -0.234544939021E-02 -0.177794352411E-02  0.495296702665E-03
cu     0.354451281685E-02 -0.129175928798E-02 -0.408530762751E-03  0.507173697245E-03
cu     0.317924119576E-02 -0.204431067921E-02  0.609804395705E-03  0.510622105780E-03
cu     0.147402298622E-02 -0.271849362006E-02  0.157074018781E-02  0.521516878275E-03
cu    -0.136033480527E-02  0.211182699499E-02  0.965660502135E-04  0.486259813238E-03
cu     0.352778562128E-02  0.142911034281E-02 -0.196208155195E-02  0.486074240709E-03
cu     0.200402741674E-02  0.235749647932E-02 -0.246451362727E-02  0.487015545600E-03
cu     0.222801947836E-02  0.304377151095E-02  0.315963304206E-03  0.486688000214E-03
cu    -0.540304061230E-03 -0.379037428692E-02  0.266561534439E-03  0.503486095180E-03
cu    -0.175528760187E-02 -0.336343723083E-02 -0.162570894458E-02  0.492122785055E-03
cu    -0.314029291903E-02  0.206697402614E-02 -0.123834911545E-02  0.521686110830E-03
cu     0.156680403010E-02  0.341678049800E-02 -0.146310992229E-02  0.476601100138E-03
cu     0.248366810403E-02 -0.583276576840E-03 -0.236597934357E-02  0.496450916762E-03
cu    -0.222408274326E-02 -0.302732795183E-02  0.593989059240E-03  0.484100053987E-03
cu     0.885484415795E-03 -0.368588566169E-02 -0.126661110487E-02  0.515200577960E-03
cu    -0.269910285129E-02 -0.269796180109E-02 -0.291254380434E-02  0.491978969073E-03
cu    -0.302427478095E-02 -0.397236418412E-03  0.131906757192E-02  0.479335834197E-03
cu     0.999074608325E-03  0.369860052007E-02  0.202815137026E-02  0.503732511725E-03
cu    -0.167506238610E-02 -0.292217083059E-02  0.282764454801E-02  0.526286039780E-03
cu    -0.660970670675E-03  0.376573661538E-02  0.164481166193E-02  0.498274503225E-03
cu    -0.252073475982E-02 -0.415507600687E-03 -0.108751465503E-02  0.523157198730E-03
cu     0.167963192726E-02  0.253798249433E-02 -0.304002113642E-03  0.494802996598E-03
cu    -0.691080387335E-04  0.363754611239E-02  0.115985876238E-03  0.522050711525E-03
cu    -0.256589626672E-02 -0.130139270480E-02  0.191084695614E-03  0.522139241265E-03
cu    -0.174596432460E-03 -0.382816516212E-02 -0.145708909689E-02  0.487337397929E-03
cu     0.328873102163E-03  0.385370932266E-02 -0.602857231770E-03  0.482503671406E-03
cu    -0.373987531871E-02 -0.665636903425E-03  0.263416207289E-02  0.501189769120E-03
cu    -0.196297632321E-03  0.326656210364E-02 -0.184337339521E-02  0.520698534265E-03
cu    -0.360490660677E-02  0.121950753635E-02  0.113556499702E-02  0.497935145703E-03
cu    -0.238831861399E-02  0.160324261726E-02 -0.780533942050E-03  0.514320727725E-03
cu    -0.323564349335E-02 -0.172525789303E-02 -0.281588046934E-02  0.524338585825E-03
cu     0.159672064790E-02  0.200799364211E-02 -0.190704553787E-02  0.512039487475E-03
cu    -0.117207588799E-02 -0.360372050329E-02 -0.343225153359E-03  0.496377435466E-03
cu     0.223416070354E-02 -0.131134701206E-02 -0.193925931840E-02  0.503112379020E-03
cu     0.323388072102E-02  0.195563849512E-02 -0.151207267352E-02  0.487799090744E-03
cu    -0.193930763481E-02  0.319583254100E-02 -0.240437903720E-02  0.479659993609E-03
cu     0.236760360356E-02  0.943655163230E-03  0.100689246512E-03  0.521769387740E-03
cu     0.687451236070E-03 -0.241260113531E-02  0.186412328690E-02  0.516091848690E-03
cu     0.200054577731E-02 -0.316050774112E-02 -0.388780017190E-03  0.478046231122E-03
cu     0.180770431140E-02  0.334811276495E-02  0.209677922477E-02  0.484740761512E-03
cu    -0.158704397219E-02 -0.253626524056E-02 -0.970368744130E-03  0.480494599862E-03
cu     0.247112023585E-02  0.209801018378E-04  0.933425171050E-03  0.485348025986E-03
cu    -0.136402544181E-03 -0.253576193650E-02  0.223205551669E-02  0.511976100755E-03
cu     0.244052319017E-02  0.446007927446E-03 -0.106181119947E-02  0.483736909252E-03
cu    -0.246588103097E-02 -0.635560017990E-03  0.717981392400E-03  0.490495003221E-03
cu     0.224318356260E-02 -0.308629915917E-02 -0.214392387236E-02  0.520711676800E-03
cu     0.200351134980E-02  0.325605009211E-02 -0.224508384959E-02  0.488063624612E-03
cu     0.297388560554E-02  0.515499411570E-03  0.532485006360E-03  0.525628001210E-03
cu     0.353404750665E-02 -0.135183523676E-02 -0.137548171323E-02  0.497268858664E-03
cu    -0.238285106377E-02  0.297066125187E-02  0.199480723418E-02  0.498140844605E-03
cu    -0.247960763549E-02 -0.255429328885E-03 -0.209908374783E-02  0.495671170726E-03
cu     0.271614291248E-02 -0.262168324010E-02 -0.592738956180E-03  0.500149126135E-03
cu    -0.376266726271E-02 -0.186038937392E-03 -0.263155415487E-03  0.513840200070E-03
cu     0.199907220961E-02  0.325551840184E-02  0.290180692774E-02  0.499593774823E-03
cu     0.252743878331E-02 -0.113467783906E-02  0.184126446012E-02  0.487879469182E-03
cu     0.758398175520E-03  0.247767107807E-02 -0.182399277050E-02  0.509917584010E-03
cu    -0.365264701947E-02 -0.103439961950E-02  0.158924763759E-02  0.487298500241E-03
cu    -0.282547213564E-03  0.381923630882E-02 -0.126912127862E-02  0.484011963726E-03
cu     0.173395842307E-03 -0.378634623969E-02  0.881641291150E-03  0.510220026740E-03
cu     0.242328033320E-02  0.437434357247E-03  0.285334343437E-02  0.483102057715E-03
cu    -0.306669274700E-02 -0.226042356549E-02  0.229310496175E-02  0.490965222539E-03
cu    -0.295904317851E-02 -0.244996597326E-02 -0.190111991360E-02  0.497584064239E-03
cu    -0.134151594113E-02  0.204039158335E-02  0.192202709583E-02  0.485144008017E-03
cu     0.212904638972E-02 -0.125055033913E-02  0.124857909507E-02  0.495247573624E-03
cu     0.242065043031E-02  0.174241857903E-02  0.454120311926E-03  0.488130422530E-03
cu     0.206110602600E-02  0.316919924191E-02 -0.854374079890E-03  0.512840324050E-03
cu    -0.798604748085E-03 -0.255294948217E-02 -0.290320329056E-02  0.491285368523E-03
cu     0.314492077817E-02 -0.215719459233E-02 -0.291514895869E-02  0.489216245970E-03
cu     0.363884809384E-02  0.899902097655E-03 -0.257085266240E-02  0.520265419585E-03
cu     0.468110891941E-03 -0.375554382092E-02 -0.537288382860E-03  0.521149269985E-03
cu     0.291536459789E-02  0.245150375137E-02  0.261128923915E-03  0.480417582173E-03
cu    -0.319257270912E-02  0.214728864297E-02 -0.281690351182E-02  0.480368201250E-03
cu    -0.200365544274E-02  0.161301370373E-02 -0.207929639933E-02  0.482965890773E-03
cu     0.247210049376E-02  0.532761612745E-03  0.161442007372E-02  0.504647433635E-03
cu    -0.369110439603E-03 -0.248435499792E-02 -0.472121324199E-03  0.479105570772E-03
cu     0.116174507492E-03  0.283773440852E-02  0.625537784865E-03  0.499510312552E-03
cu    -0.219144703920E-02 -0.119412876311E-02 -0.522481502380E-03  0.507623162365E-03
cu    -0.913334899720E-03  0.238333947636E-02 -0.515116589125E-03  0.498959175164E-03
cu    -0.247413572420E-02 -0.289444545817E-02  0.206748537006E-02  0.510762009795E-03
cu    -0.100478225920E-02 -0.333995021721E-02 -0.121652364745E-02  0.504080181995E-03
cu     0.323539713800E-03  0.253844956075E-02  0.199147175940E-02  0.521865541105E-03
cu     0.384726413783E-02  0.102094197164E-03 -0.212391732625E-02  0.493680043854E-03
cu    -0.211332782041E-02 -0.313245192132E-02 -0.178571650160E-03  0.486980748226E-03
cu    -0.194845177016E-02  0.222885983413E-02  0.708444607070E-03  0.491335327194E-03
cu    -0.352844907276E-02 -0.144659445032E-02  0.229460421512E-02  0.499857745141E-03
cu     0.272346618024E-02  0.269655273608E-02  0.223420077627E-02  0.503256761540E-03
cu     0.134032082125E-02 -0.355821145755E-02  0.198198350183E-02  0.503397717915E-03
cu    -0.361766108656E-02 -0.140654738639E-02 -0.134585342642E-02  0.477632100488E-03
cu    -0.160541195747E-03  0.249588102480E-02  0.267236870971E-02  0.491484195697E-03
cu     0.814127407605E-03  0.241983606405E-02 -0.645345777330E-03  0.501619134770E-03
cu     0.606398124860E-03 -0.242274004516E-02  0.286765080777E-02  0.515034992790E-03
cu    -0.432469016056E-03 -0.299069150235E-02 -0.232030931662E-02  0.509055378735E-03
cu    -0.192257391628E-02 -0.168912020401E-02 -0.111474230188E-02  0.522486797925E-03
cu     0.373033860200E-02 -0.801956406945E-03 -0.927568106165E-03  0.483557330242E-03
cu     0.385370884975E-02  0.184043752976E-03  0.283851553696E-02  0.480825417801E-03
cu    -0.340077084285E-02 -0.167550196583E-02 -0.203846962794E-02  0.476628636953E-03
cu    -0.246666351192E-02  0.208235393935E-03  0.933100165340E-03  0.478884373486E-03
cu     0.184701638736E-02 -0.337248513572E-02  0.118486400742E-02  0.483830905580E-03
cu    -0.304521373278E-02  0.233766432777E-02  0.214917275614E-02  0.481133576752E-03
cu    -0.377156475665E-02  0.299639757524E-03 -0.105736355510E-02  0.517645059490E-03
cu    -0.248127819568E-02 -0.954032746600E-04  0.233063117513E-02  0.489590751399E-03
cu     0.239389043432E-02 -0.955896271435E-03 -0.124660292980E-02  0.515764819020E-03
cu    -0.256436521214E-02 -0.286963533701E-02 -0.113413067765E-02  0.491368229870E-03
cu     0.293724186875E-03 -0.285092843911E-02  0.127372330247E-02  0.519849044005E-03
cu    -0.136991224275E-03 -0.383890071946E-02  0.246988196275E-02  0.502935672320E-03
cu    -0.181513736662E-02  0.172330745558E-02  0.128906348707E-02  0.478493365705E-03
cu    -0.125131539400E-02 -0.214382821403E-02 -0.151530819519E-02  0.489670615617E-03
cu    -0.121517731197E-02 -0.360222810267E-02  0.161478306266E-02  0.499007112828E-03
cu     0.370273669914E-02 -0.800773988515E-03 -0.228575189083E-02  0.526396400000E-03
cu     0.207671308714E-02 -0.135516689216E-02 -0.270588345718E-02  0.511283077210E-03
cu    -0.127370523166E-02  0.215566046954E-02 -0.114668012761E-02  0.483022106050E-03
cu    -0.267637584686E-02  0.170149214933E-02  0.256636126232E-02  0.486168638399E-03
cu     0.367477837776E-02  0.926047580105E-03  0.218148737253E-02  0.519188135355E-03
cu     0.629377857250E-03  0.240804133853E-02  0.203068139804E-03  0.485103128936E-03
cu     0.279228549761E-03  0.329539238673E-02  0.152618717899E-02  0.494727433002E-03
cu     0.189799766502E-02  0.331795314711E-02  0.136137923595E-02  0.508570211130E-03
cu    -0.161810388838E-02 -0.200635712124E-02  0.115615325143E-02  0.501757633645E-03
cu     0.213106683626E-02  0.145304554023E-02  0.166416951073E-02  0.478088915677E-03
cu    -0.146408190181E-02  0.356551369788E-02 -0.623147655715E-03  0.490924394282E-03
cu    -0.227279587590E-02 -0.303321350087E-02 -0.228974433366E-02  0.488004024292E-03
cu    -0.377428640238E-02 -0.241070247003E-03  0.192088154588E-02  0.510458188840E-03
cu     0.311590287145E-02 -0.216729167723E-02  0.135849843941E-02  0.483956702147E-03
cu    -0.600439292335E-03 -0.242361919215E-02  0.240567116301E-03  0.484584907677E-03
cu    -0.132689020017E-02 -0.215679501516E-02  0.454289859476E-03  0.479122599488E-03
cu    -0.276305745583E-02  0.347182630439E-03  0.171925313360E-02  0.508060755550E-03
cu    -0.262084429939E-02  0.266992681397E-02 -0.162809834209E-02  0.491313131977E-03
cu     0.138957964667E-02 -0.214214952879E-02 -0.575561828800E-03  0.515660339455E-03
cu    -0.177097906817E-02 -0.342136859223E-02  0.220190006100E-02  0.489777214846E-03
cu    -0.361041205286E-02  0.124901181843E-02  0.437362163011E-03  0.478213997529E-03
cu    -0.909637642135E-03  0.375011225528E-02  0.482343466095E-03  0.477114443526E-03
cu     0.566123816180E-03  0.245803504506E-02 -0.274252575817E-02  0.486341934648E-03
cu    -0.242464123918E-02  0.714280044285E-03 -0.108728043229E-02  0.485118289489E-03
cu    -0.383294891418E-02  0.902225912845E-04 -0.274798710183E-02  0.499223143987E-03
cu     0.353080666466E-02 -0.125098868518E-02  0.385118982956E-03  0.526139301410E-03
cu    -0.209875924915E-02 -0.132628878607E-02 -0.281950467218E-02  0.497560314400E-03
cu    -0.217299934121E-02  0.130115188047E-02 -0.272229759837E-02  0.512199141170E-03
cu    -0.326323319605E-02 -0.192813081898E-02 -0.377987532370E-03  0.501152275825E-03
cu    -0.231038235327E-02  0.108508495255E-02  0.200233098356E-02  0.478379857937E-03
cu     0.576122294005E-03 -0.245752470608E-02 -0.110107156075E-02  0.523268261520E-03
cu     0.317446572848E-02  0.204311083993E-02  0.897097720755E-03  0.517947902830E-03
cu    -0.993060157965E-03  0.228087265759E-02  0.268104619001E-02  0.478001364675E-03
cu     0.541680234605E-03 -0.254289352192E-02 -0.322097617849E-03  0.501811040885E-03
cu     0.244924227021E-02 -0.279317726422E-02 -0.282425746077E-02  0.513368076340E-03
cu     0.865893408600E-04  0.386258236319E-02  0.201578888003E-02  0.479982410235E-03
cu     0.305236382047E-03  0.370593377203E-02  0.268259233746E-02  0.517821314750E-03
cu     0.270137710305E-02 -0.269308041829E-02 -0.138264276103E-02  0.507580529845E-03
cu     0.320233883828E-02  0.210778753469E-02 -0.733101673110E-03  0.500972709520E-03
cu    -0.267575021446E-02  0.264307852127E-02 -0.228839376060E-02  0.519866437830E-03
cu     0.208605255495E-02  0.139297884984E-02 -0.274360138883E-02  0.502156944265E-03
cu     0.183760488315E-02 -0.334363345184E-02  0.261412816165E-02  0.516172656140E-03
cu     0.188248783544E-02  0.168586479232E-02  0.237286686470E-02  0.487628666061E-03
cu     0.255493720380E-02 -0.281189565210E-02  0.157261141040E-03  0.515767527645E-03
cu     0.248375317229E-02  0.697903831335E-03 -0.233065826859E-02  0.482119146511E-03
  list of objects:
*****  ******************   ******************  ******************  *****************
plane  0.100000000000E+01  0.000000000000E+00  0.000000000000E+00  0.434094418168E-02
*****  ******************   ******************  ******************  *****************
plane -0.100000000000E+01  0.000000000000E+00  0.000000000000E+00  0.433217205817E-02
*****  ******************   ******************  ******************  *****************
plane  0.000000000000E+00  0.100000000000E+01  0.000000000000E+00  0.684256507690E-02
*****  ******************   ******************  ******************  *****************
plane  0.000000000000E+00 -0.100000000000E+01  0.000000000000E+00  0.684183669525E-02
*****  ******************   ******************  ******************  *****************
   bonded contacts (i,j):      1426 Coble
       1      81
       1     179
       1     198
       1     204
       1     236
       1     380
       2     100
       2     135
       2     142
       2     195
       2     197
       2     214
       2     229
       2     264
       2     292
       2     300
       3      43
       3     103
       3     122
       3     180
       3     181
       4       5
       4      10
       4      60
       4      95
       4     148
       4     200
       4     251
       5      10
       5      55
       5     130
       5     144
       5     251
       5     285
       5     351
       6      64
       6     113
       6     154
       6     219
       6     305
       6     366
       7      36
       7      56
       7      83
       7      90
       7     239
       7     245
       7     254
       7     333
       7     396
       7     398
       8      42
       8     103
       8     122
       8     178
       8     224
       8     225
       8     295
       9     155
       9     168
       9     211
       9     217
       9     339
       9     352
      10      60
      10     112
      10     144
      10     374
      11      93
      11     123
      11     160
      11     182
      11     264
      11     292
      11     348
      12      74
      12     107
      12     143
      12     164
      12     206
      12     331
      12     353
      13      49
      13     110
      13     120
      13     140
      13     213
      13     242
      13     267
      13     323
      13     377
      14      95
      14     101
      14     125
      14     167
      14     196
      14     227
      14     357
      14     390
      15      67
      15      78
      15     174
      15     257
      15     288
      15     309
      15     340
      15     350
      15     354
      15     367
      16      24
      16      27
      16     103
      16     181
      16     209
      16     295
      16     381
      17      63
      17      96
      17     156
      17     232
      17     281
      17     296
      17     349
      17     393
      18      52
      18      61
      18     147
      18     177
      18     248
      18     262
      18     272
      18     339
      18     386
      19      51
      19      75
      19      88
      19      91
      19     157
      19     223
      19     270
      19     273
      19     337
      19     361
      20      39
      20      98
      20     117
      20     185
      20     269
      20     284
      20     312
      21      29
      21      85
      21     133
      21     137
      21     217
      21     290
      21     351
      21     355
      22      29
      22      50
      22      85
      22     176
      22     186
      22     261
      22     364
      22     371
      23      41
      23      56
      23      92
      23     116
      23     119
      23     146
      23     333
      23     363
      24      80
      24     202
      24     209
      24     241
      24     295
      25      33
      25      52
      25      61
      25      68
      25     125
      25     248
      25     338
      26     132
      26     145
      26     190
      26     201
      26     221
      26     258
      26     277
      27      80
      27     191
      27     224
      27     341
      28      62
      28      84
      28     166
      28     275
      28     303
      28     336
      28     378
      29      82
      29      85
      29     186
      29     217
      29     355
      29     364
      29     375
      30      40
      30      61
      30      68
      30     105
      30     158
      30     168
      30     334
      30     352
      31      77
      31      99
      31     118
      31     309
      31     335
      31     350
      31     384
      32     111
      32     179
      32     192
      32     205
      32     240
      32     276
      32     372
      33      61
      33      68
      33      73
      33     172
      33     262
      33     293
      34      71
      34      80
      34      87
      34     260
      34     281
      34     296
      34     349
      34     356
      35      77
      35      99
      35     169
      35     207
      35     212
      35     268
      35     298
      35     335
      35     343
      36      83
      36      90
      36     159
      36     245
      36     253
      36     316
      37     161
      37     165
      37     183
      37     189
      37     254
      37     294
      37     301
      37     303
      37     378
      38      88
      38     110
      38     113
      38     120
      38     230
      38     238
      38     270
      38     325
      38     366
      38     377
      39      54
      39      70
      39      98
      39     150
      39     185
      39     246
      39     269
      40     105
      40     125
      40     167
      40     251
      40     285
      40     334
      40     338
      40     397
      41     116
      41     117
      41     127
      41     128
      41     146
      41     223
      41     255
      41     363
      42      98
      42     102
      42     387
      43      48
      43      57
      43     106
      43     122
      43     193
      43     216
      43     307
      43     342
      43     360
      44      65
      44     126
      44     141
      44     176
      44     280
      44     288
      44     322
      44     330
      44     370
      44     371
      45      84
      45     134
      45     213
      45     267
      45     328
      45     336
      45     362
      45     391
      46      64
      46      66
      46      97
      46     152
      46     166
      46     219
      46     283
      46     320
      46     358
      46     373
      47     124
      47     147
      47     256
      47     272
      47     280
      47     317
      47     327
      48     245
      48     307
      48     321
      48     365
      48     396
      48     398
      49     120
      49     153
      49     222
      49     267
      49     377
      50     133
      50     137
      50     176
      50     256
      50     355
      51      75
      51     157
      51     223
      51     255
      51     269
      51     313
      52     158
      52     177
      52     248
      52     338
      52     339
      53      55
      53      86
      53     144
      53     163
      53     184
      53     286
      53     317
      54      90
      54     151
      54     185
      54     279
      55     108
      55     130
      55     144
      55     163
      55     184
      55     306
      55     351
      56      92
      56     165
      56     183
      56     254
      56     287
      56     301
      56     333
      56     398
      57      71
      57     193
      57     216
      57     260
      57     307
      57     316
      57     329
      57     342
      57     400
      58     148
      58     196
      58     251
      58     334
      58     345
      58     397
      59      96
      59     101
      59     193
      59     233
      59     260
      59     315
      59     356
      59     357
      60     112
      60     138
      60     209
      60     247
      60     250
      60     311
      61      68
      61     168
      61     262
      62      91
      62     113
      62     166
      62     275
      62     303
      63      96
      63     172
      63     175
      63     281
      63     293
      63     315
      63     390
      63     393
      64     113
      64     121
      64     145
      64     219
      64     358
      64     366
      65      79
      65     118
      65     324
      65     340
      65     371
      66     235
      66     277
      66     320
      66     358
      67     155
      67     177
      67     220
      67     257
      67     266
      67     314
      67     339
      67     354
      68     293
      68     397
      69      78
      69      82
      69      89
      69     182
      69     220
      69     263
      69     266
      69     308
      69     326
      69     382
      70     159
      70     210
      70     246
      70     282
      70     313
      70     394
      71      80
      71     151
      71     260
      71     291
      71     400
      72     106
      72     138
      72     180
      72     181
      72     209
      72     289
      72     302
      73      86
      73     172
      73     286
      74     107
      74     121
      74     190
      74     221
      74     252
      74     277
      74     331
      75     226
      75     259
      75     273
      75     313
      76     204
      76     235
      76     258
      76     319
      76     395
      77      78
      77      99
      77     174
      77     207
      77     309
      77     340
      77     343
      78     174
      78     207
      78     220
      78     263
      78     278
      78     309
      78     382
      79      93
      79     129
      79     170
      79     215
      79     261
      79     271
      79     364
      79     371
      80      87
      80     202
      80     241
      80     291
      80     341
      80     349
      81     115
      81     132
      81     198
      81     235
      81     347
      82      89
      82     220
      82     266
      82     314
      83     119
      83     178
      83     245
      83     360
      84     134
      84     152
      84     154
      84     162
      84     275
      84     336
      84     392
      85     137
      85     364
      85     370
      85     371
      86     144
      86     262
      86     286
      86     317
      86     374
      86     386
      86     389
      87     191
      87     199
      87     329
      87     341
      87     356
      88      91
      88     110
      88     113
      88     323
      88     325
      88     337
      88     361
      89      93
      89     129
      89     160
      89     182
      89     364
      90     151
      90     159
      90     254
      90     282
      90     396
      90     400
      91     113
      91     226
      91     273
      91     275
      91     305
      91     337
      92     127
      92     128
      92     165
      92     183
      92     328
      92     398
      93     129
      93     160
      93     271
      93     292
      93     364
      94     156
      94     247
      94     249
      94     250
      94     299
      94     381
      95     148
      95     167
      95     227
      95     302
      95     311
      96     296
      96     315
      96     356
      97     139
      97     152
      97     171
      97     173
      97     283
      97     320
      97     383
      97     395
      98     102
      98     185
      98     284
      98     312
      98     318
      98     394
      99     197
      99     231
      99     268
      99     324
      99     335
      99     384
     100     197
     100     214
     100     231
     100     244
     100     300
     100     384
     101     180
     101     193
     101     216
     101     227
     101     233
     101     302
     101     357
     102     136
     102     224
     102     241
     102     394
     103     122
     103     181
     103     224
     103     295
     104     114
     104     153
     104     171
     104     188
     104     213
     104     222
     104     297
     104     310
     104     331
     104     353
     105     108
     105     133
     105     158
     105     285
     105     290
     105     334
     105     351
     105     352
     106     216
     106     302
     106     321
     107     109
     107     135
     107     164
     107     221
     107     277
     107     379
     108     306
     108     334
     108     345
     108     351
     109     115
     109     135
     109     197
     109     208
     109     268
     109     300
     109     347
     109     379
     110     114
     110     120
     110     252
     110     323
     110     325
     111     179
     111     205
     111     319
     111     346
     111     359
     112     232
     112     247
     112     299
     112     374
     112     399
     113     166
     113     238
     113     275
     113     305
     113     325
     114     120
     114     213
     114     242
     114     252
     114     310
     114     331
     114     353
     115     194
     115     198
     115     236
     115     268
     115     298
     115     347
     115     379
     116     117
     116     146
     116     225
     116     312
     116     365
     117     127
     117     223
     117     269
     117     361
     118     170
     118     288
     118     330
     118     340
     118     350
     118     384
     119     146
     119     178
     119     333
     119     387
     120     153
     120     230
     120     331
     120     377
     121     145
     121     190
     121     230
     121     252
     121     277
     121     325
     121     358
     122     225
     122     295
     122     321
     122     360
     123     149
     123     182
     123     240
     123     264
     123     274
     123     304
     123     332
     123     348
     123     368
     124     130
     124     137
     124     147
     124     184
     124     256
     124     317
     124     322
     124     370
     124     389
     125     167
     125     175
     125     338
     126     177
     126     288
     126     322
     126     327
     126     354
     127     128
     127     223
     127     242
     127     323
     127     361
     128     183
     128     234
     128     265
     128     287
     128     328
     128     362
     128     363
     129     160
     129     186
     129     215
     129     243
     129     326
     129     364
     130     137
     130     351
     130     370
     130     389
     131     172
     131     175
     131     232
     131     248
     131     374
     132     208
     132     221
     132     235
     132     258
     132     277
     132     379
     133     306
     133     352
     133     355
     134     154
     134     203
     134     267
     134     392
     135     164
     135     197
     135     292
     135     344
     136     151
     136     185
     136     191
     136     199
     136     241
     136     253
     136     282
     136     394
     137     256
     137     306
     137     351
     137     370
     138     181
     138     209
     138     237
     138     250
     138     302
     138     311
     138     369
     138     381
     139     171
     139     188
     139     310
     139     359
     139     383
     139     388
     140     157
     140     234
     140     270
     140     323
     140     362
     141     257
     141     280
     141     288
     141     327
     141     330
     141     350
     142     164
     142     192
     142     195
     142     229
     142     264
     142     276
     142     344
     142     372
     143     164
     143     205
     143     206
     143     344
     143     353
     143     372
     143     385
     144     163
     144     286
     144     374
     144     389
     145     190
     145     258
     145     373
     146     255
     146     318
     146     363
     146     387
     147     272
     147     317
     147     322
     147     386
     148     196
     148     200
     148     345
     148     369
     149     169
     149     182
     149     207
     149     236
     149     274
     149     298
     149     348
     149     382
     150     259
     150     269
     150     279
     150     303
     150     313
     150     337
     151     199
     151     253
     151     291
     151     400
     152     154
     152     166
     152     203
     152     283
     152     388
     153     187
     153     228
     153     297
     154     203
     154     275
     155     211
     155     257
     155     266
     155     367
     156     232
     156     249
     156     296
     156     299
     156     393
     157     223
     157     234
     157     270
     158     168
     158     217
     158     290
     158     314
     158     338
     158     339
     158     352
     159     210
     159     239
     159     282
     160     182
     160     243
     160     308
     160     332
     161     162
     161     189
     161     226
     161     259
     161     294
     162     189
     162     226
     162     275
     162     392
     163     286
     163     345
     163     399
     164     221
     164     344
     164     376
     165     183
     165     254
     165     378
     165     398
     166     275
     166     358
     167     251
     167     285
     168     211
     168     339
     168     352
     169     198
     169     212
     169     274
     169     343
     169     380
     170     215
     170     244
     170     261
     170     330
     170     384
     171     173
     171     203
     171     222
     171     297
     171     310
     171     388
     172     175
     172     248
     172     293
     172     393
     173     297
     173     319
     173     346
     173     395
     174     207
     174     220
     174     340
     174     354
     174     382
     175     248
     175     281
     175     357
     176     256
     176     261
     176     280
     176     330
     177     339
     177     354
     178     225
     178     360
     178     387
     179     204
     179     236
     179     240
     179     380
     180     181
     180     193
     180     233
     180     237
     180     302
     181     381
     182     382
     183     189
     183     265
     183     328
     183     378
     183     392
     184     256
     184     306
     184     317
     185     241
     185     284
     185     291
     186     261
     186     326
     186     375
     187     188
     187     205
     187     206
     187     228
     187     297
     187     346
     188     205
     188     310
     188     346
     188     353
     188     359
     188     385
     189     265
     189     301
     189     392
     190     201
     190     228
     190     230
     191     199
     191     224
     191     241
     192     195
     192     276
     192     368
     193     216
     193     233
     193     342
     193     356
     194     204
     194     235
     194     236
     194     298
     194     379
     194     383
     195     214
     195     229
     195     264
     195     304
     195     368
     196     227
     196     315
     196     390
     197     231
     197     268
     197     271
     197     300
     197     324
     198     212
     198     236
     198     347
     198     380
     199     253
     199     316
     199     329
     200     250
     200     369
     200     399
     201     206
     201     221
     202     232
     202     247
     202     349
     203     222
     203     283
     204     235
     204     319
     204     383
     205     206
     205     276
     205     346
     205     359
     205     385
     206     276
     207     298
     207     382
     208     221
     208     229
     208     300
     208     347
     208     376
     209     247
     209     289
     209     311
     210     259
     210     294
     210     313
     211     272
     211     327
     211     339
     212     231
     212     335
     212     347
     213     222
     213     242
     213     310
     214     243
     214     244
     214     264
     214     271
     214     292
     214     304
     215     243
     215     244
     215     261
     216     260
     216     307
     217     266
     217     290
     217     314
     217     352
     217     355
     217     375
     218     236
     218     240
     218     348
     218     383
     218     385
     219     283
     219     373
     220     266
     220     314
     220     382
     221     277
     221     376
     222     267
     222     297
     223     269
     223     361
     224     241
     224     295
     225     284
     225     295
     225     312
     225     321
     225     365
     225     387
     226     273
     226     275
     226     305
     227     233
     227     237
     227     302
     227     315
     227     369
     228     230
     228     331
     229     300
     229     376
     230     366
     231     300
     231     335
     232     247
     232     349
     232     374
     233     237
     233     315
     234     265
     234     362
     234     363
     235     258
     235     277
     235     320
     235     379
     236     240
     236     298
     236     380
     237     369
     238     270
     238     273
     238     305
     238     366
     239     254
     239     294
     239     301
     239     333
     240     274
     240     348
     240     368
     240     372
     240     380
     241     284
     241     291
     241     295
     242     323
     242     328
     242     362
     243     244
     243     304
     244     271
     244     384
     245     307
     245     316
     245     360
     245     396
     245     400
     246     255
     246     269
     246     313
     246     318
     246     394
     247     249
     247     381
     248     386
     249     296
     249     341
     249     381
     250     369
     250     381
     251     285
     251     334
     251     345
     252     325
     252     331
     253     282
     253     316
     254     279
     254     294
     255     269
     255     318
     256     280
     256     306
     257     327
     257     367
     258     277
     258     373
     259     294
     259     313
     260     281
     260     357
     261     330
     262     317
     263     308
     263     326
     263     367
     264     292
     264     304
     264     344
     264     368
     264     372
     265     287
     265     362
     265     391
     265     392
     266     314
     266     367
     266     375
     267     391
     268     324
     269     313
     269     337
     270     273
     270     323
     270     377
     271     292
     271     324
     273     305
     274     332
     274     368
     274     380
     275     305
     276     376
     277     379
     278     308
     278     332
     278     343
     279     303
     280     327
     281     349
     281     357
     282     394
     283     395
     284     295
     284     312
     285     290
     285     338
     285     351
     286     299
     286     399
     287     301
     287     363
     288     340
     288     354
     289     295
     289     321
     290     314
     290     338
     292     344
     293     390
     293     393
     294     301
     296     341
     297     346
     299     393
     299     399
     300     347
     302     311
     303     378
     304     332
     304     368
     306     351
     307     400
     308     326
     308     332
     309     343
     309     350
     309     367
     310     353
     310     388
     312     318
     312     387
     314     339
     315     390
     316     329
     316     342
     318     387
     319     346
     319     359
     319     395
     320     383
     321     365
     322     370
     322     389
     323     361
     324     340
     325     358
     326     375
     328     336
     328     362
     329     342
     329     356
     331     353
     334     345
     334     397
     335     343
     336     378
     336     388
     337     361
     340     354
     344     372
     346     359
     348     372
     355     375
     359     383
     359     385
     362     391
     364     371
     365     398
     370     371
     372     385
     373     395
     374     386
     374     389
     386     389
     390     397
     391     392
     396     398
     396     400
