particles:      400 objects:        0 bonded_contacts:          0  mean_radius:   0.675000000526E-02
 -0.466730686132E-01 -0.466730686132E-01 -0.466730686132E-01  0.466730686132E-01  0.466730686132E-01  0.466730686132E-01
mat type  xcenter_mm          ycenter_mm          zcenter_mm          radius_mm           Temp_degC
1  cu    -0.305173969858E-01 -0.296932959228E-01  0.284260974232E-01  0.702641083901E-02  0.0000E+00
1  cu     0.398057003207E-01 -0.339385018808E-01 -0.352100243280E-01  0.659624410595E-02  0.0000E+00
1  cu     0.609472537067E-02  0.423441526782E-01 -0.155606960353E-03  0.707169431491E-02  0.0000E+00
1  cu    -0.297711284616E-01 -0.308522519829E-01 -0.353578217844E-01  0.654035680588E-02  0.0000E+00
1  cu    -0.318574977685E-01 -0.203721056237E-01 -0.269807023569E-01  0.704636633945E-02  0.0000E+00
1  cu     0.113287289321E-02 -0.374335216990E-01  0.216962828543E-01  0.688793297615E-02  0.0000E+00
1  cu     0.318242091023E-01 -0.243989935889E-01  0.199298946254E-02  0.729147738650E-02  0.0000E+00
1  cu    -0.365790519764E-01 -0.396190171724E-01 -0.284181747891E-01  0.656015042640E-02  0.0000E+00
1  cu     0.318386861122E-02 -0.178323891770E-01  0.369014067945E-01  0.685160062763E-02  0.0000E+00
1  cu     0.301711848017E-01 -0.364212988888E-01  0.153775062872E-01  0.726467450542E-02  0.0000E+00
1  cu     0.279225601323E-01  0.364102891553E-01 -0.322851450736E-01  0.721556471481E-02  0.0000E+00
1  cu     0.417954869005E-01  0.332016761382E-01  0.418332000685E-01  0.724662835745E-02  0.0000E+00
1  cu    -0.153847149885E-01  0.124864917277E-01  0.196331120815E-01  0.659063780439E-02  0.0000E+00
1  cu    -0.383541825659E-01 -0.423664297828E-01  0.320293470030E-02  0.711966610372E-02  0.0000E+00
1  cu    -0.397314663069E-03 -0.302540733469E-01 -0.239508316152E-01  0.647262391084E-02  0.0000E+00
1  cu    -0.134852424783E-01 -0.430652558735E-01 -0.393072912851E-01  0.659564916273E-02  0.0000E+00
1  cu*   -0.598126203105E-02 -0.258143397319E-01  0.504588906154E-02  0.660883268811E-02  0.0000E+00
1  cu    -0.252273614807E-01 -0.153837488991E-01  0.323751485507E-01  0.666392580814E-02  0.0000E+00
1  cu     0.316435782999E-01  0.383580092908E-02  0.285806418974E-01  0.637958241053E-02  0.0000E+00
1  cu     0.388002105663E-01  0.988884640407E-02 -0.610536546891E-02  0.701344107810E-02  0.0000E+00
1  cu     0.161528987047E-01 -0.148965394806E-01  0.327605350302E-01  0.708993624069E-02  0.0000E+00
1  cu    -0.436647096578E-01  0.217399087458E-02 -0.267261893480E-01  0.716588281026E-02  0.0000E+00
1  cu     0.348213042416E-01 -0.829915544170E-02  0.249816401182E-01  0.667979557105E-02  0.0000E+00
1  cu    -0.979419532833E-02 -0.562504290974E-02  0.192174617666E-01  0.652020552769E-02  0.0000E+00
1  cu    -0.242768484750E-01  0.650791036246E-02  0.272802720732E-01  0.659486190080E-02  0.0000E+00
1  cu    -0.362593112780E-01  0.132756514501E-01 -0.216539064016E-01  0.711454405826E-02  0.0000E+00
1  cu    -0.307111142200E-01  0.426549069608E-01 -0.234613057558E-01  0.692331203214E-02  0.0000E+00
1  cu    -0.816022304704E-02  0.742463008736E-02 -0.273652079115E-01  0.725893468750E-02  0.0000E+00
1  cu     0.914386322403E-02 -0.344113560181E-02  0.232066199255E-01  0.669023959070E-02  0.0000E+00
1  cu    -0.321242665537E-01 -0.102125130751E-01 -0.364277878810E-01  0.683952258969E-02  0.0000E+00
1  cu    -0.383193710444E-01  0.268001049037E-01  0.380402421261E-01  0.726449948145E-02  0.0000E+00
1  cu     0.108167044317E-01 -0.759682306597E-02 -0.175200735790E-01  0.672371759568E-02  0.0000E+00
1  cu     0.441695160498E-01 -0.444963993304E-02  0.146619442312E-01  0.721723609005E-02  0.0000E+00
1  cu    -0.358668301325E-01  0.187694253868E-01 -0.926231449044E-02  0.644878951940E-02  0.0000E+00
1  cu    -0.129828844305E-01  0.232937711125E-01 -0.221136874131E-01  0.678827653811E-02  0.0000E+00
1  cu     0.448492224041E-01 -0.162361190658E-01 -0.504034474751E-02  0.715673244614E-02  0.0000E+00
1  cu     0.197461533368E-01  0.318474904493E-01  0.394524297439E-01  0.664448569461E-02  0.0000E+00
1  cu    -0.349108042750E-01 -0.314903856257E-02 -0.421028562062E-02  0.679267565850E-02  0.0000E+00
1  cu     0.146389545426E-01 -0.141376656404E-01 -0.299912172848E-01  0.714016812178E-02  0.0000E+00
1  cu    -0.676742740311E-02  0.259325882033E-01  0.318572094210E-02  0.669549861145E-02  0.0000E+00
1  cu    -0.267764879014E-01 -0.347185121048E-01 -0.920832165197E-02  0.705756233954E-02  0.0000E+00
1  cu    -0.758100817572E-02 -0.373964385046E-01 -0.151386766021E-01  0.695784225637E-02  0.0000E+00
1  cu     0.399247316643E-01 -0.161102475204E-01  0.352295269883E-01  0.718894861822E-02  0.0000E+00
1  cu     0.103694536837E-01 -0.301384658967E-01 -0.149915452787E-01  0.697992779167E-02  0.0000E+00
1  cu     0.342221028250E-01  0.170714569480E-01  0.272977518742E-01  0.717691139617E-02  0.0000E+00
1  cu     0.353599856981E-01  0.209111348248E-01  0.236348857669E-02  0.731403265018E-02  0.0000E+00
1  cu    -0.121627422001E-01  0.295978408241E-01 -0.338508190087E-01  0.656647273518E-02  0.0000E+00
1  cu     0.231486059716E-01 -0.370190135607E-01  0.457706616369E-01  0.641996313975E-02  0.0000E+00
1  cu     0.305532593607E-01  0.382780516878E-01  0.342500542347E-01  0.696650283007E-02  0.0000E+00
1  cu     0.184150461956E-01 -0.444294364712E-01  0.124098458814E-01  0.724279235767E-02  0.0000E+00
1  cu     0.301034125438E-01 -0.386112980312E-01  0.123563832427E-02  0.705238287509E-02  0.0000E+00
1  cu    -0.121261036905E-01 -0.387638179051E-01  0.418526383362E-01  0.640070842705E-02  0.0000E+00
1  cu     0.405365889113E-01  0.337755045502E-01 -0.137253148219E-01  0.731805266726E-02  0.0000E+00
1  cu     0.313965454145E-01  0.122802965476E-01  0.398915387990E-01  0.659463499223E-02  0.0000E+00
1  cu     0.367424693500E-01 -0.399685237310E-01  0.269022165444E-01  0.647825027445E-02  0.0000E+00
1  cu    -0.189201408545E-02 -0.357282161221E-01 -0.280189598588E-02  0.669034405163E-02  0.0000E+00
1  cu    -0.440658575793E-01  0.241280094270E-01 -0.186254081045E-01  0.660002268674E-02  0.0000E+00
1  cu     0.240451328060E-01 -0.448516645216E-01  0.256808682546E-01  0.718600503315E-02  0.0000E+00
1  cu    -0.412832525394E-01 -0.754342736694E-03  0.432349670464E-01  0.689702730500E-02  0.0000E+00
1  cu     0.109200246200E-01 -0.755360098390E-02 -0.558285510319E-03  0.686207301085E-02  0.0000E+00
1  cu     0.458949779689E-01  0.235247129043E-01 -0.417182081267E-01  0.642934525503E-02  0.0000E+00
1  cu    -0.177322340495E-01  0.178542810451E-01  0.322760702471E-02  0.693089202304E-02  0.0000E+00
1  cu     0.309171000822E-01  0.123199368089E-02 -0.466140992996E-01  0.641468059795E-02  0.0000E+00
1  cu     0.266140788015E-01  0.281883638544E-01 -0.206546010027E-01  0.679785373941E-02  0.0000E+00
1  cu    -0.128245813615E-01 -0.385857749936E-01  0.614055067782E-02  0.701536910901E-02  0.0000E+00
1  cu    -0.283895132780E-01  0.242811795165E-01 -0.186340870794E-01  0.674995943150E-02  0.0000E+00
1  cu     0.561123651832E-04  0.226471954121E-02  0.150777690532E-01  0.677746794286E-02  0.0000E+00
1  cu    -0.761476531337E-02  0.243890152761E-01  0.271687450199E-01  0.645642554567E-02  0.0000E+00
1  cu     0.277837267589E-01 -0.829461401266E-02  0.364780456746E-01  0.680566063887E-02  0.0000E+00
1  cu    -0.157755393782E-01  0.324334946039E-01  0.337110098544E-01  0.674406811063E-02  0.0000E+00
1  cu    -0.271720147453E-01 -0.218028811064E-01 -0.140771356547E-01  0.676929785134E-02  0.0000E+00
1  cu     0.107682626182E-01  0.141867093620E-01 -0.633612670584E-02  0.677030026144E-02  0.0000E+00
1  cu    -0.395725287950E-01 -0.260088546551E-01  0.185235887109E-01  0.689676373141E-02  0.0000E+00
1  cu    -0.658109314633E-02 -0.299568503176E-01 -0.380439415231E-01  0.717974291051E-02  0.0000E+00
1  cu     0.386400825020E-01  0.331502699911E-02 -0.350122542914E-01  0.669081239637E-02  0.0000E+00
1  cu    -0.237817540647E-01 -0.424148996089E-01  0.225127669435E-01  0.729996086083E-02  0.0000E+00
1  cu    -0.396382159860E-01 -0.299011135718E-01 -0.326841655217E-02  0.699229223238E-02  0.0000E+00
1  cu*   -0.530012129214E-02 -0.179857220229E-01  0.161437057271E-01  0.699633023617E-02  0.0000E+00
1  cu     0.348035595327E-02  0.325696836960E-01  0.263684652669E-01  0.661388417058E-02  0.0000E+00
1  cu     0.548065149122E-02  0.766164359138E-02 -0.298867577869E-01  0.662367582809E-02  0.0000E+00
1  cu     0.430540451284E-01 -0.358357602491E-01  0.420253850101E-02  0.653091035374E-02  0.0000E+00
1  cu    -0.288243451206E-01 -0.721923758141E-02  0.715102424157E-02  0.672889152574E-02  0.0000E+00
1  cu     0.181020957661E-01  0.119285155622E-01 -0.277253541324E-01  0.688028242223E-02  0.0000E+00
1  cu     0.152045237179E-01 -0.279423203556E-01 -0.274481986251E-01  0.657291195714E-02  0.0000E+00
1  cu    -0.138178100984E-01 -0.345731921377E-01  0.292002402872E-01  0.704781772399E-02  0.0000E+00
1  cu    -0.404345810995E-01  0.221769584751E-01 -0.310021185610E-01  0.645647051229E-02  0.0000E+00
1  cu    -0.446707758210E-01  0.192397353258E-01  0.264338216826E-01  0.714592800169E-02  0.0000E+00
1  cu     0.834947195515E-02  0.342229049032E-03 -0.430784781523E-01  0.688958982374E-02  0.0000E+00
1  cu    -0.296767049706E-02  0.149014292228E-01 -0.427365225432E-02  0.715529835639E-02  0.0000E+00
1  cu     0.263374557618E-02 -0.842429920219E-02 -0.342303128060E-01  0.681652457764E-02  0.0000E+00
1  cu     0.339905965402E-01 -0.830068149416E-02 -0.842395846797E-02  0.671765055899E-02  0.0000E+00
1  cu     0.256395522763E-01 -0.172012944804E-01  0.462740171231E-01  0.661359361695E-02  0.0000E+00
1  cu     0.232552403528E-02  0.333376863570E-01  0.931395611498E-02  0.653914201498E-02  0.0000E+00
1  cu     0.570119646119E-02  0.297008303941E-01 -0.369514251375E-01  0.715370584578E-02  0.0000E+00
1  cu     0.375288327045E-01 -0.258373792648E-01 -0.248020614439E-01  0.679599557974E-02  0.0000E+00
1  cu     0.269057902573E-01  0.413773950086E-01  0.390588835777E-02  0.695100871154E-02  0.0000E+00
1  cu    -0.675148084808E-02 -0.524405203791E-03 -0.116690311399E-01  0.655973534980E-02  0.0000E+00
1  cu     0.292786588667E-01  0.321184917573E-01 -0.570793520066E-02  0.661117579561E-02  0.0000E+00
1  cu     0.299946968629E-01 -0.187302764094E-01  0.152577893644E-01  0.725141834167E-02  0.0000E+00
1  cu    -0.247783662082E-01 -0.394529946059E-01  0.361206307126E-01  0.666909627933E-02  0.0000E+00
1  cu    -0.287216710426E-01  0.403521219180E-01  0.158223389983E-02  0.731732974219E-02  0.0000E+00
1  cu     0.143076500658E-01  0.546715124630E-02 -0.162024814076E-01  0.687272802776E-02  0.0000E+00
1  cu     0.196022575925E-01  0.178792370852E-01 -0.156950174468E-01  0.663393583038E-02  0.0000E+00
1  cu    -0.223705239116E-01 -0.103919417768E-01 -0.270022690037E-01  0.673495648698E-02  0.0000E+00
1  cu    -0.142755820550E-01  0.363900295021E-01 -0.206787165561E-02  0.722382128062E-02  0.0000E+00
1  cu     0.385241498371E-01  0.410430363520E-01 -0.251513189910E-01  0.638224651062E-02  0.0000E+00
1  cu    -0.361342358581E-01 -0.426177704145E-01  0.291020684276E-01  0.670277836365E-02  0.0000E+00
1  cu    -0.186735193163E-01  0.371997722818E-02 -0.365699569084E-01  0.721138558507E-02  0.0000E+00
1  cu     0.969509306841E-02 -0.282117928034E-01  0.310322091922E-01  0.665302243708E-02  0.0000E+00
1  cu    -0.388260123899E-01 -0.348567535518E-01 -0.161270495763E-01  0.682234395193E-02  0.0000E+00
1  cu    -0.362246092644E-01 -0.664431399436E-02  0.181555851525E-01  0.638410951289E-02  0.0000E+00
1  cu     0.189377616105E-01 -0.189717733976E-01 -0.171311203494E-01  0.726609752640E-02  0.0000E+00
1  cu    -0.380118570861E-01 -0.157677054784E-01  0.277220811859E-01  0.695895327808E-02  0.0000E+00
1  cu    -0.586243739558E-03  0.322706561694E-01 -0.707364983849E-02  0.686159774813E-02  0.0000E+00
1  cu     0.242568017119E-01 -0.358589423612E-01 -0.340870300108E-01  0.716724910417E-02  0.0000E+00
1  cu    -0.177128722166E-01  0.161729987976E-02 -0.189160727683E-01  0.675673694100E-02  0.0000E+00
1  cu     0.132236459322E-01  0.185205206119E-01 -0.381397973075E-01  0.638774835126E-02  0.0000E+00
1  cu    -0.342336701121E-01  0.291543446029E-01  0.112662226277E-01  0.656274465532E-02  0.0000E+00
1  cu    -0.108693374176E-01  0.352636755028E-01 -0.157576230298E-01  0.693249836961E-02  0.0000E+00
1  cu     0.178323156121E-01  0.254200708288E-01 -0.269794165271E-02  0.700130838848E-02  0.0000E+00
1  cu     0.191218946375E-01 -0.411116884912E-01 -0.151210344470E-01  0.691290744478E-02  0.0000E+00
1  cu    -0.237804723643E-01  0.136732897346E-01 -0.444658766168E-01  0.648482301276E-02  0.0000E+00
1  cu    -0.433256611897E-01 -0.669651702333E-02 -0.139946334968E-01  0.660054014900E-02  0.0000E+00
1  cu     0.352017929489E-01  0.414405095741E-01  0.219921199173E-01  0.652524040712E-02  0.0000E+00
1  cu    -0.260185734342E-01  0.325257094500E-02  0.404605982008E-01  0.711037876437E-02  0.0000E+00
1  cu     0.944807608849E-02  0.209532226918E-01  0.269505319809E-01  0.646837975238E-02  0.0000E+00
1  cu    -0.214541621784E-01  0.391794943193E-01 -0.368117878267E-01  0.711067000985E-02  0.0000E+00
1  cu     0.869166699460E-02  0.124868063963E-01  0.168487894692E-01  0.673614637332E-02  0.0000E+00
1  cu     0.118418709841E-01  0.408075444637E-01 -0.175499512274E-01  0.685592918504E-02  0.0000E+00
1  cu     0.839406895570E-02  0.808932612334E-02  0.303011019961E-01  0.687728695262E-02  0.0000E+00
1  cu    -0.798848055982E-02 -0.164681247882E-01 -0.405335681902E-01  0.662219262099E-02  0.0000E+00
1  cu    -0.110884179751E-01  0.123380831848E-01 -0.148990332186E-01  0.647279547582E-02  0.0000E+00
1  cu     0.174634422398E-01 -0.265030583801E-01 -0.419140577249E-01  0.681174497041E-02  0.0000E+00
1  cu    -0.290210758989E-01 -0.406257774562E-01 -0.441163717448E-01  0.660624606897E-02  0.0000E+00
1  cu    -0.200174743622E-01  0.446750710307E-01  0.441899803232E-01  0.648524085655E-02  0.0000E+00
1  cu     0.162836906914E-01  0.368658337881E-01  0.273644521981E-01  0.689914903833E-02  0.0000E+00
1  cu    -0.141727244776E-01 -0.248490091736E-01 -0.176152978920E-01  0.705316114375E-02  0.0000E+00
1  cu    -0.588962722687E-02  0.137066589638E-01  0.971958497889E-02  0.720367830395E-02  0.0000E+00
1  cu     0.309460459003E-01 -0.420157369373E-01 -0.239509529837E-01  0.646594809513E-02  0.0000E+00
1  cu    -0.134556727688E-01 -0.346834967647E-01 -0.270690524440E-01  0.661716811847E-02  0.0000E+00
1  cu    -0.161104243096E-01 -0.215950841038E-01  0.242984626721E-01  0.702568099595E-02  0.0000E+00
1  cu    -0.114225666961E-02  0.534968419347E-02  0.410358857844E-01  0.715663628673E-02  0.0000E+00
1  cu    -0.118176136215E-01 -0.104733948258E-01  0.631012391388E-02  0.700108563063E-02  0.0000E+00
1  cu    -0.382832588769E-01  0.162234618087E-01  0.136289221553E-01  0.719587486343E-02  0.0000E+00
1  cu    -0.395723057844E-01 -0.218727830776E-01 -0.388881263842E-01  0.722552793734E-02  0.0000E+00
1  cu    -0.290697500750E-02  0.305517358112E-01  0.382534989311E-01  0.703821838531E-02  0.0000E+00
1  cu    -0.154764397908E-01  0.286575279199E-02  0.969818135665E-02  0.724928899861E-02  0.0000E+00
1  cu     0.100463849152E-01 -0.305034062560E-01 -0.162602373748E-02  0.640501623057E-02  0.0000E+00
1  cu    -0.306293858466E-01  0.304224769644E-01 -0.321350713264E-01  0.641552873781E-02  0.0000E+00
1  cu     0.435348431274E-01  0.120535819361E-01 -0.188676180844E-01  0.677992035395E-02  0.0000E+00
1  cu    -0.140359473262E-03 -0.367903203460E-01  0.357200803790E-01  0.721543327391E-02  0.0000E+00
1  cu     0.177183425581E-01 -0.214705359219E-01  0.209166422745E-01  0.655113911297E-02  0.0000E+00
1  cu     0.222607407288E-01 -0.940725627718E-02  0.746300480069E-02  0.715742908304E-02  0.0000E+00
1  cu     0.292902896274E-01  0.124235823519E-01  0.119328772973E-01  0.685107140499E-02  0.0000E+00
1  cu    -0.443440284850E-01 -0.152345014585E-01 -0.277771552639E-01  0.648671022780E-02  0.0000E+00
1  cu    -0.328828767537E-01  0.278869211476E-01  0.244223139059E-01  0.673138959520E-02  0.0000E+00
1  cu    -0.208386524494E-01  0.335418669357E-01  0.209676954657E-01  0.702398264081E-02  0.0000E+00
1  cu     0.329053179817E-01 -0.426113157838E-01  0.391573004830E-01  0.663541696219E-02  0.0000E+00
1  cu    -0.396774239930E-02 -0.416071554330E-03  0.169203985011E-02  0.655752783393E-02  0.0000E+00
1  cu    -0.124576152165E-02  0.444351170111E-01 -0.193809945913E-01  0.685888245518E-02  0.0000E+00
1  cu    -0.247384735798E-01  0.277793679194E-01 -0.524967915424E-02  0.670630098057E-02  0.0000E+00
1  cu    -0.372716988237E-01  0.646273258311E-02  0.237142169428E-01  0.688876036222E-02  0.0000E+00
1  cu     0.275118998399E-01  0.411146333027E-01 -0.158188856540E-01  0.704568215480E-02  0.0000E+00
1  cu    -0.402391632368E-01  0.374055654214E-01  0.296528612130E-01  0.640095678120E-02  0.0000E+00
1  cu     0.412767849499E-01  0.363476028309E-01 -0.375029779886E-01  0.712505933269E-02  0.0000E+00
1  cu    -0.263227488599E-01 -0.205129354563E-01 -0.431707788890E-01  0.677748869676E-02  0.0000E+00
1  cu     0.216564141283E-01 -0.856598477387E-02  0.215184049039E-01  0.693998358469E-02  0.0000E+00
1  cu    -0.238567159002E-02 -0.415326122019E-01 -0.310367525126E-01  0.700077709042E-02  0.0000E+00
1  cu     0.447280423321E-01 -0.228236670806E-02 -0.216385059183E-02  0.709919037400E-02  0.0000E+00
1  cu    -0.280404138237E-01 -0.174238733035E-01  0.178896495514E-01  0.715545331833E-02  0.0000E+00
1  cu     0.450398035436E-01 -0.226813088704E-01  0.786912429127E-02  0.727791890865E-02  0.0000E+00
1  cu     0.381274646890E-01  0.465505356697E-01  0.100180898740E-01  0.681827205025E-02  0.0000E+00
1  cu    -0.364602570434E-01  0.343468687293E-01 -0.139093764690E-01  0.699254266193E-02  0.0000E+00
1  cu    -0.258454082885E-01 -0.413800407905E-01  0.853201596713E-02  0.652337948021E-02  0.0000E+00
1  cu     0.361362306844E-01 -0.110346501107E-01  0.489382721467E-02  0.705535828265E-02  0.0000E+00
1  cu     0.397971033643E-01 -0.193710138040E-01 -0.369055268917E-01  0.712665391870E-02  0.0000E+00
1  cu    -0.175914097377E-01 -0.423698323123E-02  0.318427753364E-01  0.686690035196E-02  0.0000E+00
1  cu    -0.545091417571E-03 -0.118457987350E-01 -0.125541919580E-01  0.638469753806E-02  0.0000E+00
1  cu    -0.230424152099E-01  0.148844088766E-01 -0.936949942707E-02  0.695365413324E-02  0.0000E+00
1  cu    -0.108545449785E-01  0.117024308554E-01 -0.446765565103E-01  0.659730255126E-02  0.0000E+00
1  cu    -0.428657691043E-01  0.391740881071E-01  0.910414383943E-02  0.683928392066E-02  0.0000E+00
1  cu    -0.153354567119E-01  0.455972446662E-01  0.320817562125E-01  0.653464604332E-02  0.0000E+00
1  cu     0.241800953604E-01  0.370149426842E-01  0.164331332192E-01  0.659551772183E-02  0.0000E+00
1  cu     0.143621860037E-03  0.176935037483E-01  0.353648991532E-01  0.650040222199E-02  0.0000E+00
1  cu     0.246626041128E-01  0.227546756333E-01 -0.330121624660E-01  0.684718836313E-02  0.0000E+00
1  cu     0.276915934366E-01  0.532958965169E-02 -0.141264502445E-01  0.667706644224E-02  0.0000E+00
1  cu     0.198412135571E-01 -0.314525079656E-01  0.720519738249E-02  0.682135261061E-02  0.0000E+00
1  cu    -0.808822929961E-02 -0.261338395137E-01  0.404114256629E-01  0.685737849425E-02  0.0000E+00
1  cu     0.860327462100E-02 -0.405156999194E-01 -0.233446335448E-01  0.646228781117E-02  0.0000E+00
1  cu     0.201722503279E-01  0.189001284153E-01  0.195779081828E-01  0.670921412661E-02  0.0000E+00
1  cu     0.426602169451E-01 -0.285538295173E-01 -0.120736805613E-01  0.720906599853E-02  0.0000E+00
1  cu    -0.457815084749E-01 -0.264357548983E-01  0.304171406167E-01  0.652977373562E-02  0.0000E+00
1  cu    -0.201471098668E-01  0.211586346352E-01  0.282461423691E-01  0.653262462020E-02  0.0000E+00
1  cu    -0.344566096773E-01 -0.220994483230E-01  0.662213854592E-02  0.664311870892E-02  0.0000E+00
1  cu     0.109527014045E-01  0.111167938699E-01  0.429446500526E-01  0.638235581415E-02  0.0000E+00
1  cu    -0.724354272012E-02  0.363564755277E-01  0.188511239146E-01  0.702384151466E-02  0.0000E+00
1  cu    -0.231669546858E-01 -0.428840747927E-02  0.192263291722E-01  0.693508083795E-02  0.0000E+00
1  cu    -0.728305373188E-02 -0.128070705298E-01  0.299880846228E-01  0.667615327374E-02  0.0000E+00
1  cu    -0.412959114625E-01 -0.358550898295E-01 -0.407614431146E-01  0.698967102350E-02  0.0000E+00
1  cu*    0.508385544777E-02 -0.993459189470E-02  0.119883077040E-01  0.679424257274E-02  0.0000E+00
1  cu     0.380265427615E-01 -0.844447103728E-02 -0.289942701459E-01  0.648099738985E-02  0.0000E+00
1  cu    -0.257602313775E-01 -0.823370624915E-02 -0.139921963012E-01  0.688877765713E-02  0.0000E+00
1  cu     0.334844398521E-01 -0.295682785248E-01  0.363653293085E-01  0.671763533955E-02  0.0000E+00
1  cu     0.336519893756E-01 -0.453694054362E-01 -0.369028143195E-01  0.649942264118E-02  0.0000E+00
1  cu     0.210305400396E-01 -0.514023256440E-02 -0.924766908012E-02  0.665797845200E-02  0.0000E+00
1  cu     0.887349445862E-02 -0.382127745396E-02  0.371560562231E-01  0.688265181796E-02  0.0000E+00
1  cu     0.202033418697E-01  0.748429852587E-02 -0.413546135024E-01  0.706639586181E-02  0.0000E+00
1  cu    -0.623226039847E-02 -0.186757772595E-01 -0.272964279977E-01  0.691961715838E-02  0.0000E+00
1  cu    -0.285595712513E-01  0.329178433851E-02 -0.269768587561E-01  0.657322257286E-02  0.0000E+00
1  cu    -0.188037938592E-01 -0.229623761429E-01 -0.317713144991E-01  0.710389526748E-02  0.0000E+00
1  cu    -0.423350326315E-01  0.350670745561E-01 -0.271805262478E-01  0.712964039498E-02  0.0000E+00
1  cu     0.243897340317E-01  0.260185997479E-01  0.918169405682E-02  0.658987683050E-02  0.0000E+00
1  cu     0.414048816244E-01  0.746773515171E-02  0.744317080580E-02  0.699775464074E-02  0.0000E+00
1  cu    -0.149337757509E-02 -0.794682450627E-02  0.449040993835E-01  0.670844623494E-02  0.0000E+00
1  cu    -0.418726354109E-01  0.657902015616E-02 -0.984434384930E-02  0.643379764362E-02  0.0000E+00
1  cu    -0.125681971211E-01  0.434203873480E-01 -0.269713903742E-01  0.681284907412E-02  0.0000E+00
1  cu     0.126651844330E-01 -0.197113808210E-01  0.589051254063E-02  0.701758769354E-02  0.0000E+00
1  cu    -0.956619670058E-03  0.317782344370E-01 -0.247547145309E-01  0.690595560314E-02  0.0000E+00
1  cu     0.207388669608E-01  0.387980973603E-02  0.367783870181E-01  0.726883634032E-02  0.0000E+00
1  cu    -0.235361577749E-01  0.393075082435E-01 -0.122232837558E-01  0.683512554470E-02  0.0000E+00
1  cu    -0.368469036716E-01  0.444638332512E-01  0.414579388817E-01  0.717579345641E-02  0.0000E+00
1  cu     0.389821349529E-01  0.278244892257E-01 -0.265741303553E-01  0.693018224201E-02  0.0000E+00
1  cu     0.192902105721E-01  0.463635223567E-01 -0.273507027202E-01  0.665853534643E-02  0.0000E+00
1  cu     0.718573760479E-03  0.230943695886E-01  0.172811949748E-01  0.654764555135E-02  0.0000E+00
1  cu     0.134542144548E-01  0.604747539805E-03  0.111976070588E-01  0.669823050739E-02  0.0000E+00
1  cu     0.208936276178E-01  0.176580728307E-01  0.331807079812E-01  0.698115295949E-02  0.0000E+00
1  cu    -0.199106037165E-01 -0.424704297702E-01 -0.183396580679E-01  0.675450452056E-02  0.0000E+00
1  cu    -0.347754515581E-01 -0.761789781338E-02 -0.237284278098E-01  0.639911107379E-02  0.0000E+00
1  cu    -0.345223300902E-01 -0.222245421159E-01  0.394225904320E-01  0.685997272310E-02  0.0000E+00
1  cu    -0.445623394779E-01  0.401601143021E-01 -0.431937053864E-02  0.673534735082E-02  0.0000E+00
1  cu     0.353322050824E-01  0.302574611064E-01  0.153332855919E-01  0.649783843203E-02  0.0000E+00
1  cu    -0.431647994174E-02  0.399177543234E-01 -0.386633633717E-01  0.727131642318E-02  0.0000E+00
1  cu     0.185592335046E-01  0.315065760848E-01 -0.408926541154E-01  0.641948580163E-02  0.0000E+00
1  cu     0.245715849491E-01 -0.312586972413E-01  0.268044149774E-01  0.646821095454E-02  0.0000E+00
1  cu     0.397301771775E-01 -0.182114211839E-02  0.373354832664E-01  0.682610800507E-02  0.0000E+00
1  cu    -0.238461074223E-01 -0.418565422919E-01 -0.311440482877E-01  0.665815278413E-02  0.0000E+00
1  cu    -0.320654163089E-01  0.164275996406E-01  0.312291066667E-01  0.663880398742E-02  0.0000E+00
1  cu     0.107536053526E-01 -0.430868861948E-01  0.295893131707E-01  0.678449657365E-02  0.0000E+00
1  cu     0.425637751885E-01  0.720113547925E-02  0.221541848902E-01  0.673657321043E-02  0.0000E+00
1  cu     0.880639811383E-02  0.244652606437E-01  0.434539572671E-01  0.715555293680E-02  0.0000E+00
1  cu    -0.157771884389E-02  0.221832929721E-01 -0.155938889777E-01  0.638197878624E-02  0.0000E+00
1  cu     0.261675080780E-01 -0.798126295592E-02 -0.353229434068E-01  0.697963723799E-02  0.0000E+00
1  cu    -0.386528708961E-02  0.448964025778E-01  0.881980019246E-02  0.658760497783E-02  0.0000E+00
1  cu     0.633186015971E-02  0.432418044951E-01  0.180096195187E-01  0.724078615399E-02  0.0000E+00
1  cu    -0.267148987683E-01  0.652093025837E-02  0.112579802329E-02  0.697335574509E-02  0.0000E+00
1  cu     0.466350574470E-01 -0.405948846887E-01 -0.723565023153E-02  0.637601275160E-02  0.0000E+00
1  cu     0.150790374158E-02  0.965619058745E-02 -0.173881587304E-01  0.664888273961E-02  0.0000E+00
1  cu     0.413423176251E-01  0.156110865735E-01 -0.313719997161E-01  0.641637964490E-02  0.0000E+00
1  cu    -0.298975382338E-01  0.435562259427E-02 -0.137973469821E-01  0.637737420290E-02  0.0000E+00
1  cu    -0.329167928173E-01  0.404874989377E-01  0.187517464759E-01  0.709355570888E-02  0.0000E+00
1  cu    -0.139684260690E-02 -0.409003419763E-01 -0.445396763402E-01  0.656793449663E-02  0.0000E+00
1  cu     0.170417302325E-01  0.151192108887E-01  0.649473141400E-02  0.682950609902E-02  0.0000E+00
1  cu     0.881104293869E-02  0.417615905111E-01 -0.429418448840E-01  0.666966631791E-02  0.0000E+00
1  cu    -0.317471969675E-01 -0.398563475128E-02  0.302820135557E-01  0.663896932622E-02  0.0000E+00
1  cu    -0.658940172708E-02  0.430484712276E-01  0.415323856462E-01  0.641045304249E-02  0.0000E+00
1  cu     0.258810907447E-01 -0.305716080902E-01 -0.201944181386E-01  0.660880639987E-02  0.0000E+00
1  cu    -0.122637458450E-01  0.205252029781E-01  0.388420358973E-01  0.669503441744E-02  0.0000E+00
1  cu    -0.292034764961E-01  0.160122316351E-01 -0.329351753004E-01  0.647821499290E-02  0.0000E+00
1  cu    -0.317981146728E-02 -0.256812277692E-01  0.275402650307E-01  0.692845621504E-02  0.0000E+00
1  cu    -0.139802326911E-01  0.675279660720E-02 -0.347603647952E-02  0.657569297055E-02  0.0000E+00
1  cu    -0.527083366506E-02  0.455500104436E-01 -0.674692144132E-02  0.646041927458E-02  0.0000E+00
1  cu     0.361371973101E-01  0.444787353088E-01 -0.566069149294E-02  0.670656662962E-02  0.0000E+00
1  cu     0.389478782883E-01  0.346879090159E-01  0.327863270280E-02  0.684976668080E-02  0.0000E+00
1  cu     0.102690390512E-01  0.277269740525E-01 -0.139943991036E-01  0.679617198731E-02  0.0000E+00
1  cu     0.332632708497E-01  0.264913394748E-01 -0.426135633277E-01  0.658227401039E-02  0.0000E+00
1  cu     0.283423071459E-01 -0.189769661938E-01  0.287814479436E-01  0.637793939891E-02  0.0000E+00
1  cu     0.445156574979E-01 -0.372371459221E-01  0.367721962291E-01  0.638640903738E-02  0.0000E+00
1  cu     0.302611269137E-01  0.116260969663E-02  0.895796343939E-03  0.706862413152E-02  0.0000E+00
1  cu    -0.141798315090E-01 -0.307350793146E-01 -0.510904296430E-02  0.677941880300E-02  0.0000E+00
1  cu     0.307962554777E-01  0.388850161956E-01 -0.457166612538E-01  0.643470458593E-02  0.0000E+00
1  cu     0.155313696092E-01  0.321494760472E-01 -0.274021379836E-01  0.677432442924E-02  0.0000E+00
1  cu     0.306450624456E-01 -0.865234512417E-03  0.145837434278E-01  0.677823306740E-02  0.0000E+00
1  cu    -0.101602504486E-01 -0.603500642240E-02 -0.305322269483E-01  0.671749698060E-02  0.0000E+00
1  cu     0.579544868463E-02 -0.386126696167E-01  0.844434467370E-02  0.721398742365E-02  0.0000E+00
1  cu     0.389408570520E-01 -0.657288444624E-03 -0.183428314742E-01  0.675197186136E-02  0.0000E+00
1  cu     0.206358885917E-01 -0.265741304077E-01  0.383766702761E-01  0.662950142850E-02  0.0000E+00
1  cu     0.223474247050E-01 -0.302367332489E-01 -0.701718611360E-02  0.703373279062E-02  0.0000E+00
1  cu    -0.364448624191E-01  0.118807111748E-01  0.429017259311E-01  0.664831546821E-02  0.0000E+00
1  cu    -0.435377723766E-01 -0.138034084201E-01  0.442405693683E-01  0.638914300878E-02  0.0000E+00
1  cu    -0.117196657019E-01 -0.171585357221E-01 -0.604968910988E-02  0.705763497791E-02  0.0000E+00
1  cu    -0.346193828121E-01  0.433931346810E-01 -0.364764950425E-01  0.669752211004E-02  0.0000E+00
1  cu     0.365954101450E-01 -0.102391318455E-01 -0.463281741960E-01  0.639703845786E-02  0.0000E+00
1  cu    -0.169683363482E-01  0.420716895218E-01  0.106180219145E-01  0.694416409803E-02  0.0000E+00
1  cu     0.562815753422E-02 -0.191634449353E-01 -0.211270482097E-01  0.646765198472E-02  0.0000E+00
1  cu     0.441608210421E-01 -0.261575368679E-01  0.446085730356E-01  0.720164581205E-02  0.0000E+00
1  cu    -0.132529857823E-01 -0.995500320004E-03  0.445598028517E-01  0.696638799221E-02  0.0000E+00
1  cu     0.405003182450E-01 -0.148213325173E-01 -0.179349861117E-01  0.653063501957E-02  0.0000E+00
1  cu    -0.454117366584E-01 -0.639327317898E-02 -0.380135395757E-01  0.708555856587E-02  0.0000E+00
1  cu    -0.123032612171E-01 -0.106601480186E-01 -0.181375970472E-01  0.668905869763E-02  0.0000E+00
1  cu     0.430530160451E-01  0.193544562291E-01  0.392973621645E-01  0.689917601830E-02  0.0000E+00
1  cu    -0.281571341546E-01  0.347509097824E-01  0.452300092834E-01  0.639601114326E-02  0.0000E+00
1  cu     0.986394588708E-02 -0.368723137215E-01 -0.364160777039E-01  0.717142477499E-02  0.0000E+00
1  cu     0.155179188325E-01 -0.625838695927E-03 -0.315445049673E-01  0.650726620573E-02  0.0000E+00
1  cu    -0.234706402305E-01 -0.171707296336E-01  0.484320818836E-03  0.639585964032E-02  0.0000E+00
1  cu     0.264845446056E-01 -0.218054368954E-01 -0.323268216274E-01  0.717439464828E-02  0.0000E+00
1  cu    -0.121477561962E-01  0.834413465741E-02  0.328546684762E-01  0.688346951891E-02  0.0000E+00
1  cu    -0.179249962507E-02 -0.255359546026E-01 -0.113977002264E-01  0.651125232491E-02  0.0000E+00
1  cu    -0.343648899536E-02  0.200061120125E-01 -0.310841516541E-01  0.669590677012E-02  0.0000E+00
1  cu     0.451985416820E-02 -0.281875845478E-01  0.463169287078E-01  0.722268742968E-02  0.0000E+00
1  cu    -0.430240916686E-02  0.184804877121E-02 -0.392487222284E-01  0.643065343814E-02  0.0000E+00
1  cu    -0.252964830379E-01  0.206011479113E-01  0.160620362693E-01  0.671328879549E-02  0.0000E+00
1  cu    -0.213987255132E-01 -0.267338903631E-01  0.381837913376E-01  0.665806285090E-02  0.0000E+00
1  cu    -0.346333355895E-01  0.224020392075E-01 -0.428109599578E-01  0.648648608642E-02  0.0000E+00
1  cu    -0.423660600030E-01  0.138909434420E-01  0.667229172668E-03  0.638524820642E-02  0.0000E+00
1  cu    -0.322579726218E-01  0.296215744150E-02 -0.403367280045E-01  0.691915365617E-02  0.0000E+00
1  cu    -0.309620136109E-01  0.193315054323E-01  0.260421191908E-02  0.640611480002E-02  0.0000E+00
1  cu     0.216894441361E-01 -0.170813576269E-01 -0.379657145201E-02  0.648844248089E-02  0.0000E+00
1  cu     0.479043820731E-02 -0.229968368805E-01 -0.340843673860E-01  0.674121722610E-02  0.0000E+00
1  cu    -0.361392851190E-01 -0.388950410382E-01  0.163122498612E-01  0.662545650685E-02  0.0000E+00
1  cu     0.436716469595E-01 -0.459052631069E-01 -0.461905279469E-01  0.717868515693E-02  0.0000E+00
1  cu    -0.447738514662E-01  0.447389357527E-01 -0.174890001492E-01  0.679259264320E-02  0.0000E+00
1  cu     0.426801442081E-01  0.438973915012E-01  0.333491170138E-01  0.644464705469E-02  0.0000E+00
1  cu     0.197049461495E-01  0.541237367269E-02  0.225215206085E-01  0.711453229774E-02  0.0000E+00
1  cu     0.227217274370E-01  0.198366621105E-01  0.464554624230E-01  0.660609110697E-02  0.0000E+00
1  cu    -0.307407691106E-01 -0.959673551287E-02  0.432906132112E-01  0.687997734094E-02  0.0000E+00
1  cu     0.196463209017E-01 -0.563117462312E-02  0.465586678115E-01  0.642840579824E-02  0.0000E+00
1  cu     0.444330162907E-01 -0.356500492906E-01  0.172422558801E-01  0.659314486715E-02  0.0000E+00
1  cu     0.194918783686E-01  0.449511384081E-01  0.381250819077E-01  0.653713373591E-02  0.0000E+00
1  cu    -0.274131944582E-01 -0.323838732178E-01 -0.225552203535E-01  0.650794278066E-02  0.0000E+00
1  cu     0.167945668827E-01 -0.420298935412E-01 -0.148509060964E-02  0.696122858975E-02  0.0000E+00
1  cu    -0.209795050462E-01  0.335710968538E-01 -0.242976876302E-01  0.641799706009E-02  0.0000E+00
1  cu     0.312213192101E-01 -0.211603399594E-01 -0.114920210783E-01  0.643063337611E-02  0.0000E+00
1  cu    -0.551709095838E-02  0.238122299801E-01 -0.435919939541E-01  0.655312179561E-02  0.0000E+00
1  cu    -0.217831641467E-01  0.299443936271E-01  0.742598351321E-02  0.649562814902E-02  0.0000E+00
1  cu     0.989440057046E-02 -0.149173028660E-01 -0.443825134006E-01  0.725709451448E-02  0.0000E+00
1  cu    -0.954410800178E-02 -0.308544146314E-01  0.168144924351E-01  0.657689392559E-02  0.0000E+00
1  cu     0.438611592207E-01 -0.170056369991E-01  0.205245744803E-01  0.665027808888E-02  0.0000E+00
1  cu     0.251643470958E-01  0.139618362795E-01 -0.424501630999E-02  0.668981275358E-02  0.0000E+00
1  cu     0.344079549952E-01  0.215047794172E-01 -0.115852936640E-01  0.657156641708E-02  0.0000E+00
1  cu    -0.236099029405E-02  0.443958183750E-01  0.290371851119E-01  0.685519242406E-02  0.0000E+00
1  cu     0.310649047204E-01  0.252638153369E-01  0.378475848247E-01  0.655717432705E-02  0.0000E+00
1  cu     0.267168577235E-01  0.284120601071E-01  0.259559682598E-01  0.649535973283E-02  0.0000E+00
1  cu    -0.192334718636E-01 -0.318326464910E-01 -0.431251274615E-01  0.660069580267E-02  0.0000E+00
1  cu     0.327546141936E-01 -0.378699385276E-01 -0.119191900698E-01  0.639867524330E-02  0.0000E+00
1  cu    -0.224198107646E-01  0.259403243571E-01 -0.408560344961E-01  0.638489954200E-02  0.0000E+00
1  cu    -0.218822256669E-01  0.135487197899E-01 -0.226157862096E-01  0.642094202875E-02  0.0000E+00
1  cu     0.735470730659E-02  0.396679533216E-01  0.372601558660E-01  0.672990362091E-02  0.0000E+00
1  cu    -0.404031098695E-01 -0.202090476800E-01 -0.162454756198E-01  0.667924905349E-02  0.0000E+00
1  cu    -0.192489807781E-01 -0.958025947677E-02 -0.401788309253E-01  0.659392936195E-02  0.0000E+00
1  cu*    0.491934795637E-02 -0.264645964061E-01  0.144992139814E-01  0.639264141288E-02  0.0000E+00
1  cu     0.277667760365E-01 -0.848233436005E-02 -0.204794703122E-01  0.685893987416E-02  0.0000E+00
1  cu     0.139048392473E-01 -0.338963019986E-01  0.199581087225E-01  0.648965727180E-02  0.0000E+00
1  cu    -0.176329916890E-01 -0.440069485589E-01 -0.532340990356E-02  0.655266036880E-02  0.0000E+00
1  cu    -0.365845921171E-01 -0.353375943636E-01  0.400258184341E-01  0.643522343178E-02  0.0000E+00
1  cu     0.178671048070E-01  0.386002429144E-01 -0.582214401902E-02  0.652256869725E-02  0.0000E+00
1  cu    -0.125013656371E-01  0.237984014554E-01 -0.871358580396E-02  0.663114582371E-02  0.0000E+00
1  cu    -0.429216676504E-01 -0.282340582655E-01 -0.271574106664E-01  0.654019215878E-02  0.0000E+00
1  cu     0.458997697829E-01 -0.451764507612E-01 -0.328010260396E-01  0.641948856881E-02  0.0000E+00
1  cu    -0.342407606094E-01 -0.462598199378E-01 -0.940275050770E-02  0.670551717757E-02  0.0000E+00
1  cu    -0.249751490611E-02 -0.199117044106E-03  0.285894233850E-01  0.654023574185E-02  0.0000E+00
1  cu    -0.244669249552E-01 -0.297240610959E-01  0.308674612351E-02  0.642247227790E-02  0.0000E+00
1  cu     0.365223511240E-01 -0.274392163393E-01  0.236222151617E-01  0.648522286991E-02  0.0000E+00
1  cu     0.407472010906E-01  0.184217818602E-01  0.153329726170E-01  0.652814732704E-02  0.0000E+00
1  cu     0.903718001040E-02 -0.189415015345E-01 -0.745350192035E-02  0.658832444397E-02  0.0000E+00
1  cu    -0.278987032927E-02  0.121223499415E-01  0.237863289995E-01  0.668807012350E-02  0.0000E+00
1  cu     0.848437144513E-02  0.210120538935E-01 -0.253937827173E-01  0.656296741311E-02  0.0000E+00
1  cu    -0.385576376775E-01  0.273108629657E-02  0.799280511831E-02  0.720996048864E-02  0.0000E+00
1  cu     0.211469841835E-01  0.457245450010E-01 -0.403989578297E-01  0.654717443936E-02  0.0000E+00
1  cu    -0.456133867656E-01  0.453624269062E-01  0.207940547836E-01  0.667005164730E-02  0.0000E+00
1  cu    -0.447494653366E-01  0.309482582243E-01  0.194287865170E-01  0.650604933938E-02  0.0000E+00
1  cu    -0.453964238867E-01  0.808062442290E-02  0.341432135280E-01  0.644278543597E-02  0.0000E+00
1  cu    -0.274881563233E-01  0.760807046951E-02  0.145773384844E-01  0.655993597015E-02  0.0000E+00
1  cu    -0.251500816494E-01  0.232404197847E-01  0.401458927808E-01  0.654544495345E-02  0.0000E+00
1  cu     0.307790099467E-01  0.152323407378E-01 -0.230820534359E-01  0.702855886051E-02  0.0000E+00
1  cu     0.394332252775E-01  0.297176753457E-01  0.286728843738E-01  0.657511324683E-02  0.0000E+00
1  cu    -0.273538248491E-01  0.395490709530E-01  0.322612187976E-01  0.692951120148E-02  0.0000E+00
1  cu    -0.420533517240E-01  0.118827385028E-01 -0.386109130326E-01  0.646107993821E-02  0.0000E+00
1  cu    -0.150619470950E-01 -0.143258676079E-01  0.412675700254E-01  0.688524051255E-02  0.0000E+00
1  cu     0.429526916684E-01 -0.376312763987E-01 -0.222548885698E-01  0.643839115822E-02  0.0000E+00
1  cu     0.153761130146E-01  0.350246442386E-01  0.639887509448E-02  0.646001595844E-02  0.0000E+00
1  cu    -0.370298942591E-01  0.298655177759E-01 -0.133712828199E-02  0.637884910848E-02  0.0000E+00
1  cu    -0.249597347984E-03 -0.147918361971E-01  0.805735240107E-03  0.652332413667E-02  0.0000E+00
1  cu     0.107030924801E-01 -0.402731367371E-01  0.435848674921E-01  0.663590398543E-02  0.0000E+00
1  cu    -0.126341014588E-01  0.244911513504E-01  0.149999123865E-01  0.658160850418E-02  0.0000E+00
1  cu    -0.402520410814E-01  0.340240751995E-01 -0.437936800061E-01  0.647151081368E-02  0.0000E+00
1  cu     0.648932538209E-02 -0.423326160550E-01 -0.106368111355E-01  0.655269495849E-02  0.0000E+00
1  cu    -0.172666734394E-01 -0.220902222854E-01  0.107584693813E-01  0.658385476055E-02  0.0000E+00
1  cu     0.184727494245E-02  0.131429820490E-01 -0.413648951591E-01  0.661328300129E-02  0.0000E+00
1  cu    -0.205423137249E-03 -0.265055058327E-02 -0.226671974136E-01  0.641953837802E-02  0.0000E+00
1  cu     0.172321841252E-01  0.411011044954E-02 -0.847046769937E-03  0.641106735595E-02  0.0000E+00
1  cu    -0.103865442795E-01 -0.438852639427E-01  0.196760406699E-01  0.647929350031E-02  0.0000E+00
1  cu     0.421290526153E-01  0.786074671603E-02  0.463299971088E-01  0.661891905002E-02  0.0000E+00
1  cu     0.323072243152E-01  0.135977362225E-01 -0.404191611013E-01  0.654054151498E-02  0.0000E+00
1  cu     0.589903637383E-02 -0.163527531604E-01  0.237549636564E-01  0.664565344345E-02  0.0000E+00
1  cu     0.602646488418E-02  0.221897515411E-01  0.332917460939E-02  0.664807887447E-02  0.0000E+00
1  cu    -0.457590511099E-01  0.252764805209E-01  0.677708722625E-02  0.640794113714E-02  0.0000E+00
1  cu     0.538388860023E-02  0.829714304247E-02  0.421654153939E-02  0.646757312009E-02  0.0000E+00
1  cu    -0.161281142685E-01  0.170236838424E-01 -0.337868303187E-01  0.662536726537E-02  0.0000E+00
1  cu    -0.201807520449E-01 -0.463969662789E-02 -0.244026184870E-02  0.644461592392E-02  0.0000E+00
1  cu    -0.260167385770E-01 -0.306728988093E-01  0.157945054604E-01  0.642203091314E-02  0.0000E+00
1  cu    -0.137051119834E-01  0.335824639305E-01 -0.465659960226E-01  0.654994092511E-02  0.0000E+00
1  cu     0.459920916049E-01  0.237375580593E-01 -0.596532138047E-02  0.649685331690E-02  0.0000E+00
1  cu    -0.414034912787E-01 -0.109893512621E-01  0.541641565383E-02  0.652609269776E-02  0.0000E+00
1  cu     0.278516701170E-01  0.282820980132E-02 -0.275088377725E-01  0.646890620791E-02  0.0000E+00
1  cu     0.316813061841E-01 -0.282448018280E-01 -0.436529353366E-01  0.643880070043E-02  0.0000E+00
1  cu     0.507277690766E-02  0.233483103205E-02 -0.718797688536E-02  0.640986017478E-02  0.0000E+00
1  cu     0.122112953198E-01  0.290864873411E-01  0.173581717372E-01  0.641863420273E-02  0.0000E+00
1  cu     0.663423002151E-02  0.417553549294E-01 -0.298988813353E-01  0.655846244812E-02  0.0000E+00
1  cu    -0.349629569713E-01 -0.162969714704E-01 -0.502911109717E-02  0.639056326256E-02  0.0000E+00
1  cu    -0.446719366543E-01 -0.402732385152E-02  0.276558197315E-01  0.655362818908E-02  0.0000E+00
  list of objects:
   bonded contacts (i,j):         0

