particles:      400 objects:        0 bonded_contacts:          0  mean_radius:   0.145394126326E+00
 -0.100533185610E+01 -0.100533185610E+01 -0.752243237982E+00  0.100533185610E+01  0.100533185610E+01  0.752243237982E+00
mat type  xcenter_mm          ycenter_mm          zcenter_mm          radius_mm           Temp_degC   ux_mmps     uy_mmps     uz_mmps
1  cu    -0.628720121532E+00 -0.632518782441E+00  0.436696572579E+00  0.151347979903E+00  0.0000E+00  0.0000E+00  0.0000E+00  0.0000E+00
1  cu     0.864863861924E+00 -0.790614911993E+00 -0.594706264925E+00  0.142082244158E+00  0.0000E+00  0.0000E+00  0.0000E+00  0.0000E+00
1  cu     0.174932935651E+00  0.902565051512E+00  0.127959175762E-01  0.152323380112E+00  0.0000E+00  0.0000E+00  0.0000E+00  0.0000E+00
1  cu    -0.681499304911E+00 -0.675803201580E+00 -0.579661360317E+00  0.140878438950E+00  0.0000E+00  0.0000E+00  0.0000E+00  0.0000E+00
1  cu    -0.665765771708E+00 -0.444242278480E+00 -0.421632228277E+00  0.151777818799E+00  0.0000E+00  0.0000E+00  0.0000E+00  0.0000E+00
1  cu     0.561266710709E-01 -0.803498857803E+00  0.339084313529E+00  0.148365184664E+00  0.0000E+00  0.0000E+00  0.0000E+00  0.0000E+00
1  cu     0.736879076278E+00 -0.568351014688E+00  0.179632694492E-01  0.157057479024E+00  0.0000E+00  0.0000E+00  0.0000E+00  0.0000E+00
1  cu    -0.781494334111E+00 -0.856684325722E+00 -0.392883047723E+00  0.141304790973E+00  0.0000E+00  0.0000E+00  0.0000E+00  0.0000E+00
1  cu     0.673857095762E-01 -0.425781312557E+00  0.635638279306E+00  0.147582590580E+00  0.0000E+00  0.0000E+00  0.0000E+00  0.0000E+00
1  cu     0.742572182737E+00 -0.799280908410E+00  0.215615785686E+00  0.156480148435E+00  0.0000E+00  0.0000E+00  0.0000E+00  0.0000E+00
1  cu     0.575054408483E+00  0.815527782300E+00 -0.493292297737E+00  0.155422329902E+00  0.0000E+00  0.0000E+00  0.0000E+00  0.0000E+00
1  cu     0.864967278038E+00  0.713068874112E+00  0.656271477180E+00  0.156091436744E+00  0.0000E+00  0.0000E+00  0.0000E+00  0.0000E+00
1  cu    -0.358612587621E+00  0.286566815169E+00  0.359733123154E+00  0.141961485148E+00  0.0000E+00  0.0000E+00  0.0000E+00  0.0000E+00
1  cu    -0.855309890542E+00 -0.945433225990E+00  0.834961100490E-01  0.153356686234E+00  0.0000E+00  0.0000E+00  0.0000E+00  0.0000E+00
1  cu     0.377412098985E-01 -0.667910981127E+00 -0.393391247516E+00  0.139419481159E+00  0.0000E+00  0.0000E+00  0.0000E+00  0.0000E+00
1  cu    -0.293327643442E+00 -0.963031191707E+00 -0.618997014193E+00  0.142069429159E+00  0.0000E+00  0.0000E+00  0.0000E+00  0.0000E+00
1  cu    -0.453048382361E-01 -0.472778039909E+00  0.639062222504E-01  0.142353400588E+00  0.0000E+00  0.0000E+00  0.0000E+00  0.0000E+00
1  cu    -0.561093757109E+00 -0.376761705673E+00  0.523373719997E+00  0.143540099263E+00  0.0000E+00  0.0000E+00  0.0000E+00  0.0000E+00
1  cu     0.673176510592E+00  0.672436701263E-01  0.499759814228E+00  0.137415379286E+00  0.0000E+00  0.0000E+00  0.0000E+00  0.0000E+00
1  cu     0.849132161120E+00  0.255178986775E+00 -0.117790462326E+00  0.151068612933E+00  0.0000E+00  0.0000E+00  0.0000E+00  0.0000E+00
1  cu     0.376878058216E+00 -0.322884671531E+00  0.567463099315E+00  0.152716308832E+00  0.0000E+00  0.0000E+00  0.0000E+00  0.0000E+00
1  cu    -0.906117718772E+00  0.263272382039E-01 -0.397170223377E+00  0.154352188110E+00  0.0000E+00  0.0000E+00  0.0000E+00  0.0000E+00
1  cu     0.781052417083E+00 -0.199936096120E+00  0.407277249411E+00  0.143881931901E+00  0.0000E+00  0.0000E+00  0.0000E+00  0.0000E+00
1  cu    -0.214229064792E+00 -0.925429049836E-01  0.347308480071E+00  0.140444383025E+00  0.0000E+00  0.0000E+00  0.0000E+00  0.0000E+00
1  cu    -0.512120374626E+00  0.956502851909E-01  0.455529852914E+00  0.142052471638E+00  0.0000E+00  0.0000E+00  0.0000E+00  0.0000E+00
1  cu    -0.734367310444E+00  0.244559805262E+00 -0.383710708874E+00  0.153246358037E+00  0.0000E+00  0.0000E+00  0.0000E+00  0.0000E+00
1  cu    -0.668632260598E+00  0.901161853727E+00 -0.356049918006E+00  0.149127244949E+00  0.0000E+00  0.0000E+00  0.0000E+00  0.0000E+00
1  cu    -0.201742991022E+00  0.166423364203E+00 -0.473632050390E+00  0.156356513500E+00  0.0000E+00  0.0000E+00  0.0000E+00  0.0000E+00
1  cu     0.280245965587E+00 -0.122852970096E+00  0.363615999188E+00  0.144106894732E+00  0.0000E+00  0.0000E+00  0.0000E+00  0.0000E+00
1  cu    -0.751933661903E+00 -0.165849324012E+00 -0.604310015048E+00  0.147322431206E+00  0.0000E+00  0.0000E+00  0.0000E+00  0.0000E+00
1  cu    -0.885277719434E+00  0.605394827889E+00  0.628128891784E+00  0.156476378441E+00  0.0000E+00  0.0000E+00  0.0000E+00  0.0000E+00
1  cu     0.214673765291E+00 -0.171066389899E+00 -0.282413408225E+00  0.144828006625E+00  0.0000E+00  0.0000E+00  0.0000E+00  0.0000E+00
1  cu     0.962764239333E+00 -0.757249696096E-01  0.234110431730E+00  0.155458331108E+00  0.0000E+00  0.0000E+00  0.0000E+00  0.0000E+00
1  cu    -0.812775724035E+00  0.419173181831E+00 -0.196498199445E+00  0.138906091452E+00  0.0000E+00  0.0000E+00  0.0000E+00  0.0000E+00
1  cu    -0.382667323016E+00  0.478639048104E+00 -0.356235849313E+00  0.146218597889E+00  0.0000E+00  0.0000E+00  0.0000E+00  0.0000E+00
1  cu     0.924878013775E+00 -0.354813484570E+00 -0.116420210544E+00  0.154155090451E+00  0.0000E+00  0.0000E+00  0.0000E+00  0.0000E+00
1  cu     0.429788555262E+00  0.663530502086E+00  0.607751014987E+00  0.143121361733E+00  0.0000E+00  0.0000E+00  0.0000E+00  0.0000E+00
1  cu    -0.808638367895E+00 -0.947545351587E-01 -0.140698509013E+00  0.146313354373E+00  0.0000E+00  0.0000E+00  0.0000E+00  0.0000E+00
1  cu     0.339209652979E+00 -0.307176850437E+00 -0.479628995650E+00  0.153798297048E+00  0.0000E+00  0.0000E+00  0.0000E+00  0.0000E+00
1  cu    -0.134485420912E+00  0.544705581505E+00  0.537789698386E-01  0.144220173359E+00  0.0000E+00  0.0000E+00  0.0000E+00  0.0000E+00
1  cu    -0.570180858694E+00 -0.756799546996E+00 -0.122807403953E+00  0.152018979192E+00  0.0000E+00  0.0000E+00  0.0000E+00  0.0000E+00
1  cu    -0.149817803740E+00 -0.774673445540E+00 -0.238447965971E+00  0.149871021509E+00  0.0000E+00  0.0000E+00  0.0000E+00  0.0000E+00
1  cu     0.858976173017E+00 -0.398142058179E+00  0.591070638936E+00  0.154849022627E+00  0.0000E+00  0.0000E+00  0.0000E+00  0.0000E+00
1  cu     0.188483829595E+00 -0.660311275105E+00 -0.165943222996E+00  0.150346741081E+00  0.0000E+00  0.0000E+00  0.0000E+00  0.0000E+00
1  cu     0.672028126465E+00  0.329143858858E+00  0.396917283439E+00  0.154589742422E+00  0.0000E+00  0.0000E+00  0.0000E+00  0.0000E+00
1  cu     0.773741623076E+00  0.444997009336E+00  0.723921628179E-01  0.157543316484E+00  0.0000E+00  0.0000E+00  0.0000E+00  0.0000E+00
1  cu    -0.263713847292E+00  0.650188644400E+00 -0.499067952408E+00  0.141440972686E+00  0.0000E+00  0.0000E+00  0.0000E+00  0.0000E+00
1  cu     0.493700062136E+00 -0.837432176493E+00  0.659149419740E+00  0.138285174966E+00  0.0000E+00  0.0000E+00  0.0000E+00  0.0000E+00
1  cu     0.658076893044E+00  0.774100374790E+00  0.482724215927E+00  0.150057569146E+00  0.0000E+00  0.0000E+00  0.0000E+00  0.0000E+00
1  cu     0.413733731923E+00 -0.975221471995E+00  0.166661949678E+00  0.156008809805E+00  0.0000E+00  0.0000E+00  0.0000E+00  0.0000E+00
1  cu     0.604821695347E+00 -0.845079002921E+00 -0.216495807563E-01  0.151907414198E+00  0.0000E+00  0.0000E+00  0.0000E+00  0.0000E+00
1  cu    -0.259035273755E+00 -0.829251809453E+00  0.693931592946E+00  0.137870430947E+00  0.0000E+00  0.0000E+00  0.0000E+00  0.0000E+00
1  cu     0.840141638004E+00  0.770325160580E+00 -0.201251230452E+00  0.157629907131E+00  0.0000E+00  0.0000E+00  0.0000E+00  0.0000E+00
1  cu     0.637014220503E+00  0.276942548310E+00  0.658026555094E+00  0.142047584057E+00  0.0000E+00  0.0000E+00  0.0000E+00  0.0000E+00
1  cu     0.836103913466E+00 -0.849138097766E+00  0.458141706460E+00  0.139540672302E+00  0.0000E+00  0.0000E+00  0.0000E+00  0.0000E+00
1  cu    -0.763583570706E-01 -0.726959978258E+00  0.504055734003E-02  0.144109144807E+00  0.0000E+00  0.0000E+00  0.0000E+00  0.0000E+00
1  cu     0.966429244504E+00  0.526889418377E+00 -0.302864944179E+00  0.142163634300E+00  0.0000E+00  0.0000E+00  0.0000E+00  0.0000E+00
1  cu     0.591593654807E+00 -0.968992064057E+00  0.381301522678E+00  0.154785618186E+00  0.0000E+00  0.0000E+00  0.0000E+00  0.0000E+00
1  cu    -0.828044443344E+00 -0.295118403064E-01  0.653527686947E+00  0.148561075330E+00  0.0000E+00  0.0000E+00  0.0000E+00  0.0000E+00
1  cu     0.230287456927E+00 -0.126342920010E+00 -0.150769126860E-01  0.147808164358E+00  0.0000E+00  0.0000E+00  0.0000E+00  0.0000E+00
1  cu     0.990427058075E+00  0.578015719980E+00 -0.642163810767E+00  0.138487264514E+00  0.0000E+00  0.0000E+00  0.0000E+00  0.0000E+00
1  cu    -0.404652059521E+00  0.336161717047E+00  0.746593325784E-01  0.149290516973E+00  0.0000E+00  0.0000E+00  0.0000E+00  0.0000E+00
1  cu     0.644241556171E+00  0.388701060003E-01 -0.740025828062E+00  0.138171389699E+00  0.0000E+00  0.0000E+00  0.0000E+00  0.0000E+00
1  cu     0.550721128381E+00  0.688477648295E+00 -0.257688817232E+00  0.146424889565E+00  0.0000E+00  0.0000E+00  0.0000E+00  0.0000E+00
1  cu    -0.330159065318E+00 -0.812544257743E+00  0.991376397316E-01  0.151110142469E+00  0.0000E+00  0.0000E+00  0.0000E+00  0.0000E+00
1  cu    -0.637767189211E+00  0.488140583217E+00 -0.398230768262E+00  0.145393252373E+00  0.0000E+00  0.0000E+00  0.0000E+00  0.0000E+00
1  cu    -0.286998889122E-02  0.682579681344E-01  0.279034511635E+00  0.145985782146E+00  0.0000E+00  0.0000E+00  0.0000E+00  0.0000E+00
1  cu    -0.151338462083E+00  0.541553585062E+00  0.474038806466E+00  0.139070570469E+00  0.0000E+00  0.0000E+00  0.0000E+00  0.0000E+00
1  cu     0.619046067664E+00 -0.177358241045E+00  0.611500704838E+00  0.146593049168E+00  0.0000E+00  0.0000E+00  0.0000E+00  0.0000E+00
1  cu    -0.322063410840E+00  0.738670585914E+00  0.529221947675E+00  0.145266354084E+00  0.0000E+00  0.0000E+00  0.0000E+00  0.0000E+00
1  cu    -0.553447756494E+00 -0.484007892788E+00 -0.173360587056E+00  0.145809799433E+00  0.0000E+00  0.0000E+00  0.0000E+00  0.0000E+00
1  cu     0.190458932397E+00  0.339979439167E+00 -0.164408462416E+00  0.145831391216E+00  0.0000E+00  0.0000E+00  0.0000E+00  0.0000E+00
1  cu    -0.815353426192E+00 -0.504072421445E+00  0.279845779043E+00  0.148555397988E+00  0.0000E+00  0.0000E+00  0.0000E+00  0.0000E+00
1  cu    -0.891968615650E-01 -0.669083566428E+00 -0.629030948313E+00  0.154650732875E+00  0.0000E+00  0.0000E+00  0.0000E+00  0.0000E+00
1  cu     0.862854570350E+00  0.140968935973E+00 -0.494628889513E+00  0.144119232893E+00  0.0000E+00  0.0000E+00  0.0000E+00  0.0000E+00
1  cu    -0.496862356848E+00 -0.874726265932E+00  0.325166361135E+00  0.157240211963E+00  0.0000E+00  0.0000E+00  0.0000E+00  0.0000E+00
1  cu    -0.811728690436E+00 -0.664441439206E+00  0.412637695520E-02  0.150613069534E+00  0.0000E+00  0.0000E+00  0.0000E+00  0.0000E+00
1  cu    -0.100203393918E+00 -0.332115109092E+00  0.282451934572E+00  0.150700047612E+00  0.0000E+00  0.0000E+00  0.0000E+00  0.0000E+00
1  cu     0.802236539314E-01  0.684878559988E+00  0.412871322230E+00  0.142462208867E+00  0.0000E+00  0.0000E+00  0.0000E+00  0.0000E+00
1  cu     0.176593798226E+00  0.162006827165E+00 -0.479433888586E+00  0.142673119903E+00  0.0000E+00  0.0000E+00  0.0000E+00  0.0000E+00
1  cu     0.937830927892E+00 -0.768855364275E+00  0.307500251830E-01  0.140674963594E+00  0.0000E+00  0.0000E+00  0.0000E+00  0.0000E+00
1  cu    -0.662473940867E+00 -0.136714358441E+00  0.597540123729E-01  0.144939452410E+00  0.0000E+00  0.0000E+00  0.0000E+00  0.0000E+00
1  cu     0.410972836042E+00  0.262806625816E+00 -0.402635506152E+00  0.148200392723E+00  0.0000E+00  0.0000E+00  0.0000E+00  0.0000E+00
1  cu     0.289284887645E+00 -0.639862473179E+00 -0.422213088826E+00  0.141579672694E+00  0.0000E+00  0.0000E+00  0.0000E+00  0.0000E+00
1  cu    -0.271570600091E+00 -0.734449528470E+00  0.452792391986E+00  0.151809081435E+00  0.0000E+00  0.0000E+00  0.0000E+00  0.0000E+00
1  cu    -0.878297983134E+00  0.469073417355E+00 -0.458560627860E+00  0.139071539045E+00  0.0000E+00  0.0000E+00  0.0000E+00  0.0000E+00
1  cu    -0.918373788344E+00  0.365250914074E+00  0.500637568317E+00  0.153922364116E+00  0.0000E+00  0.0000E+00  0.0000E+00  0.0000E+00
1  cu     0.192933053343E+00 -0.102717533095E-01 -0.660781326365E+00  0.148400872946E+00  0.0000E+00  0.0000E+00  0.0000E+00  0.0000E+00
1  cu    -0.873169298239E-01  0.284504436729E+00 -0.608030087314E-01  0.154124200344E+00  0.0000E+00  0.0000E+00  0.0000E+00  0.0000E+00
1  cu     0.602624825118E-01 -0.217156242065E+00 -0.510715700153E+00  0.146827057004E+00  0.0000E+00  0.0000E+00  0.0000E+00  0.0000E+00
1  cu     0.715713965093E+00 -0.191636384155E+00 -0.154339094375E+00  0.144697323441E+00  0.0000E+00  0.0000E+00  0.0000E+00  0.0000E+00
1  cu     0.610527254191E+00 -0.410493371831E+00  0.739624653039E+00  0.142455950380E+00  0.0000E+00  0.0000E+00  0.0000E+00  0.0000E+00
1  cu     0.601791328301E-01  0.709556193344E+00  0.153603934547E+00  0.140852272511E+00  0.0000E+00  0.0000E+00  0.0000E+00  0.0000E+00
1  cu     0.120074990999E+00  0.628473504401E+00 -0.589339232154E+00  0.154089897871E+00  0.0000E+00  0.0000E+00  0.0000E+00  0.0000E+00
1  cu     0.810381872725E+00 -0.597126487673E+00 -0.408133202081E+00  0.146384865045E+00  0.0000E+00  0.0000E+00  0.0000E+00  0.0000E+00
1  cu     0.653399623162E+00  0.917520791840E+00  0.320016252176E-01  0.149723827839E+00  0.0000E+00  0.0000E+00  0.0000E+00  0.0000E+00
1  cu    -0.207404307375E+00 -0.901775109928E-01 -0.152230486453E+00  0.141295850277E+00  0.0000E+00  0.0000E+00  0.0000E+00  0.0000E+00
1  cu     0.618649676611E+00  0.663846140146E+00 -0.135622282343E-01  0.142403870821E+00  0.0000E+00  0.0000E+00  0.0000E+00  0.0000E+00
1  cu     0.651633671832E+00 -0.414106801952E+00  0.245152065357E+00  0.156194612384E+00  0.0000E+00  0.0000E+00  0.0000E+00  0.0000E+00
1  cu    -0.497779989050E+00 -0.854001047389E+00  0.576247865750E+00  0.143651470542E+00  0.0000E+00  0.0000E+00  0.0000E+00  0.0000E+00
1  cu    -0.639437386148E+00  0.817184153458E+00  0.150051592380E-01  0.157614335418E+00  0.0000E+00  0.0000E+00  0.0000E+00  0.0000E+00
1  cu     0.264135624750E+00  0.958163126559E-01 -0.238066208120E+00  0.148037672043E+00  0.0000E+00  0.0000E+00  0.0000E+00  0.0000E+00
1  cu     0.410104471653E+00  0.464704662734E+00 -0.246070506461E+00  0.142894119024E+00  0.0000E+00  0.0000E+00  0.0000E+00  0.0000E+00
1  cu    -0.518788428417E+00 -0.231596642291E+00 -0.458278757773E+00  0.145070090890E+00  0.0000E+00  0.0000E+00  0.0000E+00  0.0000E+00
1  cu    -0.283155111685E+00  0.777760109193E+00  0.174905437260E-01  0.155600175261E+00  0.0000E+00  0.0000E+00  0.0000E+00  0.0000E+00
1  cu     0.808299985098E+00  0.952552103767E+00 -0.395601483373E+00  0.137472763657E+00  0.0000E+00  0.0000E+00  0.0000E+00  0.0000E+00
1  cu    -0.735472527170E+00 -0.899225088881E+00  0.438956510627E+00  0.144376978278E+00  0.0000E+00  0.0000E+00  0.0000E+00  0.0000E+00
1  cu    -0.425206602671E+00  0.816235068897E-01 -0.613180711844E+00  0.155332311988E+00  0.0000E+00  0.0000E+00  0.0000E+00  0.0000E+00
1  cu     0.206246873977E+00 -0.620077146730E+00  0.485478956583E+00  0.143305242061E+00  0.0000E+00  0.0000E+00  0.0000E+00  0.0000E+00
1  cu    -0.777227337494E+00 -0.624565068728E+00 -0.260198522453E+00  0.146952405572E+00  0.0000E+00  0.0000E+00  0.0000E+00  0.0000E+00
1  cu    -0.796008704085E+00 -0.171667172843E+00  0.266306690140E+00  0.137512892484E+00  0.0000E+00  0.0000E+00  0.0000E+00  0.0000E+00
1  cu     0.405980091166E+00 -0.391815925025E+00 -0.237505578331E+00  0.156510800123E+00  0.0000E+00  0.0000E+00  0.0000E+00  0.0000E+00
1  cu    -0.837972801336E+00 -0.331504390719E+00  0.476716208626E+00  0.149894952774E+00  0.0000E+00  0.0000E+00  0.0000E+00  0.0000E+00
1  cu    -0.222475124533E-01  0.746597086364E+00 -0.909253535610E-01  0.147797927261E+00  0.0000E+00  0.0000E+00  0.0000E+00  0.0000E+00
1  cu     0.468217560410E+00 -0.797401740443E+00 -0.573602735783E+00  0.154381617903E+00  0.0000E+00  0.0000E+00  0.0000E+00  0.0000E+00
1  cu    -0.377609154692E+00 -0.142968928092E-01 -0.335732384864E+00  0.145539239049E+00  0.0000E+00  0.0000E+00  0.0000E+00  0.0000E+00
1  cu     0.267855589977E+00  0.391929001382E+00 -0.593247370155E+00  0.137591272593E+00  0.0000E+00  0.0000E+00  0.0000E+00  0.0000E+00
1  cu    -0.724052463862E+00  0.630876095572E+00  0.207486200260E+00  0.141360670328E+00  0.0000E+00  0.0000E+00  0.0000E+00  0.0000E+00
1  cu    -0.246831133343E+00  0.699255777107E+00 -0.246323144303E+00  0.149325117469E+00  0.0000E+00  0.0000E+00  0.0000E+00  0.0000E+00
1  cu     0.359138032043E+00  0.577607409090E+00 -0.179748768135E-01  0.150807276368E+00  0.0000E+00  0.0000E+00  0.0000E+00  0.0000E+00
1  cu     0.443731841987E+00 -0.819849985175E+00 -0.289628666058E+00  0.148903131485E+00  0.0000E+00  0.0000E+00  0.0000E+00  0.0000E+00
1  cu    -0.459081602462E+00  0.252135656984E+00  0.666522683558E+00  0.139682248235E+00  0.0000E+00  0.0000E+00  0.0000E+00  0.0000E+00
1  cu     0.985211477875E+00 -0.164885811087E+00 -0.279445602785E+00  0.142174780369E+00  0.0000E+00  0.0000E+00  0.0000E+00  0.0000E+00
1  cu     0.804919922812E+00  0.881830604385E+00  0.286962526508E+00  0.140552833677E+00  0.0000E+00  0.0000E+00  0.0000E+00  0.0000E+00
1  cu    -0.572580942020E+00  0.431103313791E-02  0.687799892540E+00  0.153156638146E+00  0.0000E+00  0.0000E+00  0.0000E+00  0.0000E+00
1  cu     0.161009450448E+00  0.428365319661E+00  0.454462366559E+00  0.139328062535E+00  0.0000E+00  0.0000E+00  0.0000E+00  0.0000E+00
1  cu    -0.500795187674E+00  0.852508105491E+00 -0.594547184214E+00  0.153162911535E+00  0.0000E+00  0.0000E+00  0.0000E+00  0.0000E+00
1  cu     0.133922832220E+00  0.295432775650E+00  0.226597924473E+00  0.145095720887E+00  0.0000E+00  0.0000E+00  0.0000E+00  0.0000E+00
1  cu     0.208916036502E+00  0.888345127739E+00 -0.227667204791E+00  0.147675827146E+00  0.0000E+00  0.0000E+00  0.0000E+00  0.0000E+00
1  cu     0.203061194763E+00  0.155477895722E+00  0.441804486936E+00  0.148135870695E+00  0.0000E+00  0.0000E+00  0.0000E+00  0.0000E+00
1  cu    -0.107159093691E+00 -0.381166757325E+00 -0.677271314387E+00  0.142641171813E+00  0.0000E+00  0.0000E+00  0.0000E+00  0.0000E+00
1  cu    -0.253555265675E+00  0.296337942262E+00 -0.258738204943E+00  0.139423176646E+00  0.0000E+00  0.0000E+00  0.0000E+00  0.0000E+00
1  cu     0.401010257050E+00 -0.529179443184E+00 -0.636443068115E+00  0.146724104882E+00  0.0000E+00  0.0000E+00  0.0000E+00  0.0000E+00
1  cu    -0.575941146661E+00 -0.899635386469E+00 -0.698407850183E+00  0.142297685147E+00  0.0000E+00  0.0000E+00  0.0000E+00  0.0000E+00
1  cu    -0.421936311497E+00  0.933527680597E+00  0.689730494715E+00  0.139691248536E+00  0.0000E+00  0.0000E+00  0.0000E+00  0.0000E+00
1  cu     0.345132549683E+00  0.765073153005E+00  0.388892521811E+00  0.148606777191E+00  0.0000E+00  0.0000E+00  0.0000E+00  0.0000E+00
1  cu    -0.309890268669E+00 -0.545467639025E+00 -0.299593726652E+00  0.151924178005E+00  0.0000E+00  0.0000E+00  0.0000E+00  0.0000E+00
1  cu    -0.148346920382E+00  0.283837703217E+00  0.184171021420E+00  0.155166298151E+00  0.0000E+00  0.0000E+00  0.0000E+00  0.0000E+00
1  cu     0.676857798061E+00 -0.843388599236E+00 -0.418454706218E+00  0.139275684953E+00  0.0000E+00  0.0000E+00  0.0000E+00  0.0000E+00
1  cu    -0.290543941013E+00 -0.754949912517E+00 -0.462639523632E+00  0.142532944680E+00  0.0000E+00  0.0000E+00  0.0000E+00  0.0000E+00
1  cu    -0.319123193234E+00 -0.450280638388E+00  0.424718553737E+00  0.151332259178E+00  0.0000E+00  0.0000E+00  0.0000E+00  0.0000E+00
1  cu     0.732627385753E-02  0.999497865850E-01  0.637758529924E+00  0.154153019190E+00  0.0000E+00  0.0000E+00  0.0000E+00  0.0000E+00
1  cu    -0.268653691984E+00 -0.186703000765E+00  0.114440883009E+00  0.150802478194E+00  0.0000E+00  0.0000E+00  0.0000E+00  0.0000E+00
1  cu    -0.817844431833E+00  0.355363948527E+00  0.249150085449E+00  0.154998213053E+00  0.0000E+00  0.0000E+00  0.0000E+00  0.0000E+00
1  cu    -0.854752509333E+00 -0.446089773385E+00 -0.627015109178E+00  0.155636936426E+00  0.0000E+00  0.0000E+00  0.0000E+00  0.0000E+00
1  cu    -0.313193542176E-01  0.704350415534E+00  0.659085276687E+00  0.151602312923E+00  0.0000E+00  0.0000E+00  0.0000E+00  0.0000E+00
1  cu    -0.349861840697E+00  0.832496672005E-01  0.171218294062E+00  0.156148746610E+00  0.0000E+00  0.0000E+00  0.0000E+00  0.0000E+00
1  cu     0.268016480496E+00 -0.595452233817E+00  0.601508694037E-01  0.137963220477E+00  0.0000E+00  0.0000E+00  0.0000E+00  0.0000E+00
1  cu    -0.724155751976E+00  0.702607115260E+00 -0.530098603937E+00  0.138189658523E+00  0.0000E+00  0.0000E+00  0.0000E+00  0.0000E+00
1  cu     0.100295210517E+01  0.275004889998E+00 -0.326234374703E+00  0.146038606763E+00  0.0000E+00  0.0000E+00  0.0000E+00  0.0000E+00
1  cu    -0.128361233795E-01 -0.790396523843E+00  0.583313989572E+00  0.155419498682E+00  0.0000E+00  0.0000E+00  0.0000E+00  0.0000E+00
1  cu     0.400578451328E+00 -0.489627490782E+00  0.355065234408E+00  0.141110688448E+00  0.0000E+00  0.0000E+00  0.0000E+00  0.0000E+00
1  cu     0.485923461512E+00 -0.125779330279E+00  0.120883656619E+00  0.154170095920E+00  0.0000E+00  0.0000E+00  0.0000E+00  0.0000E+00
1  cu     0.595456405511E+00  0.241150352829E+00  0.150910444680E+00  0.147571191192E+00  0.0000E+00  0.0000E+00  0.0000E+00  0.0000E+00
1  cu    -0.992113946908E+00 -0.239866284095E+00 -0.524354419230E+00  0.139722898603E+00  0.0000E+00  0.0000E+00  0.0000E+00  0.0000E+00
1  cu    -0.667777593106E+00  0.616949956962E+00  0.464319624981E+00  0.144993260503E+00  0.0000E+00  0.0000E+00  0.0000E+00  0.0000E+00
1  cu    -0.473996670823E+00  0.712168946887E+00  0.306102397231E+00  0.151295676828E+00  0.0000E+00  0.0000E+00  0.0000E+00  0.0000E+00
1  cu     0.698167668069E+00 -0.999403205999E+00  0.621076580637E+00  0.142926022411E+00  0.0000E+00  0.0000E+00  0.0000E+00  0.0000E+00
1  cu    -0.105937783743E+00  0.316757197899E-01  0.521006868772E-01  0.141248300671E+00  0.0000E+00  0.0000E+00  0.0000E+00  0.0000E+00
1  cu    -0.713693994741E-01  0.927183529045E+00 -0.273142941578E+00  0.147739440202E+00  0.0000E+00  0.0000E+00  0.0000E+00  0.0000E+00
1  cu    -0.568584417544E+00  0.597221702392E+00 -0.161032161890E+00  0.144452854991E+00  0.0000E+00  0.0000E+00  0.0000E+00  0.0000E+00
1  cu    -0.818874335266E+00  0.108549536578E+00  0.410811971579E+00  0.148383006453E+00  0.0000E+00  0.0000E+00  0.0000E+00  0.0000E+00
1  cu     0.595914182052E+00  0.965028352348E+00 -0.239942300441E+00  0.151763081551E+00  0.0000E+00  0.0000E+00  0.0000E+00  0.0000E+00
1  cu    -0.842660954094E+00  0.829621169422E+00  0.460871851209E+00  0.137875780463E+00  0.0000E+00  0.0000E+00  0.0000E+00  0.0000E+00
1  cu     0.831748949252E+00  0.815614820267E+00 -0.612858608423E+00  0.153472855687E+00  0.0000E+00  0.0000E+00  0.0000E+00  0.0000E+00
1  cu    -0.574193254402E+00 -0.452823192905E+00 -0.683572599185E+00  0.145986229182E+00  0.0000E+00  0.0000E+00  0.0000E+00  0.0000E+00
1  cu     0.521782460089E+00 -0.201144618383E+00  0.368245607173E+00  0.149486348033E+00  0.0000E+00  0.0000E+00  0.0000E+00  0.0000E+00
1  cu    -0.647503005368E-01 -0.910867987135E+00 -0.465723274609E+00  0.150795832277E+00  0.0000E+00  0.0000E+00  0.0000E+00  0.0000E+00
1  cu     0.949788388682E+00 -0.177738523312E-01 -0.519833583925E-01  0.152915641666E+00  0.0000E+00  0.0000E+00  0.0000E+00  0.0000E+00
1  cu    -0.557420204595E+00 -0.383683647113E+00  0.267372374632E+00  0.154127538204E+00  0.0000E+00  0.0000E+00  0.0000E+00  0.0000E+00
1  cu     0.994248915984E+00 -0.499126701914E+00  0.102834023741E+00  0.156765431166E+00  0.0000E+00  0.0000E+00  0.0000E+00  0.0000E+00
1  cu     0.901468733268E+00  0.998375372576E+00  0.950864608292E-01  0.146864697337E+00  0.0000E+00  0.0000E+00  0.0000E+00  0.0000E+00
1  cu    -0.804966488789E+00  0.683383435007E+00 -0.263863011091E+00  0.150618463754E+00  0.0000E+00  0.0000E+00  0.0000E+00  0.0000E+00
1  cu    -0.599570352742E+00 -0.899841789609E+00  0.905355294111E-01  0.140512749553E+00  0.0000E+00  0.0000E+00  0.0000E+00  0.0000E+00
1  cu     0.774486873065E+00 -0.222836368418E+00  0.963735030288E-01  0.151971504092E+00  0.0000E+00  0.0000E+00  0.0000E+00  0.0000E+00
1  cu     0.869178185704E+00 -0.446828848370E+00 -0.620449134023E+00  0.153507202864E+00  0.0000E+00  0.0000E+00  0.0000E+00  0.0000E+00
1  cu    -0.400552336189E+00 -0.154000358035E+00  0.520330329076E+00  0.147912144661E+00  0.0000E+00  0.0000E+00  0.0000E+00  0.0000E+00
1  cu    -0.331418868602E-01 -0.264503432989E+00 -0.250952328810E+00  0.137525558471E+00  0.0000E+00  0.0000E+00  0.0000E+00  0.0000E+00
1  cu    -0.535044674335E+00  0.325985921147E+00 -0.180836438590E+00  0.149780809879E+00  0.0000E+00  0.0000E+00  0.0000E+00  0.0000E+00
1  cu    -0.206988723559E+00  0.213927454038E+00 -0.747318579195E+00  0.142105042934E+00  0.0000E+00  0.0000E+00  0.0000E+00  0.0000E+00
1  cu    -0.932020257068E+00  0.812214476467E+00  0.206372887478E+00  0.147317290306E+00  0.0000E+00  0.0000E+00  0.0000E+00  0.0000E+00
1  cu    -0.312206022356E+00  0.992987767120E+00  0.461654754777E+00  0.140755429864E+00  0.0000E+00  0.0000E+00  0.0000E+00  0.0000E+00
1  cu     0.562736259512E+00  0.793874008773E+00  0.237706462621E+00  0.142066597938E+00  0.0000E+00  0.0000E+00  0.0000E+00  0.0000E+00
1  cu    -0.211272332638E-01  0.388400573420E+00  0.648162762425E+00  0.140017822385E+00  0.0000E+00  0.0000E+00  0.0000E+00  0.0000E+00
1  cu     0.505390595610E+00  0.521496701056E+00 -0.480280452924E+00  0.147487550974E+00  0.0000E+00  0.0000E+00  0.0000E+00  0.0000E+00
1  cu     0.536737470793E+00  0.861527804894E-01 -0.250755263765E+00  0.143823146820E+00  0.0000E+00  0.0000E+00  0.0000E+00  0.0000E+00
1  cu     0.509820021699E+00 -0.642389621793E+00  0.154059931505E+00  0.146931052208E+00  0.0000E+00  0.0000E+00  0.0000E+00  0.0000E+00
1  cu    -0.186255601026E+00 -0.566910831236E+00  0.656034014935E+00  0.147707045078E+00  0.0000E+00  0.0000E+00  0.0000E+00  0.0000E+00
1  cu     0.179701098876E+00 -0.877243454048E+00 -0.329061459624E+00  0.139196842909E+00  0.0000E+00  0.0000E+00  0.0000E+00  0.0000E+00
1  cu     0.390282294339E+00  0.340340596385E+00  0.311530837714E+00  0.144515603780E+00  0.0000E+00  0.0000E+00  0.0000E+00  0.0000E+00
1  cu     0.965787218278E+00 -0.612469043013E+00 -0.178125921909E+00  0.155282348395E+00  0.0000E+00  0.0000E+00  0.0000E+00  0.0000E+00
1  cu    -0.966716264830E+00 -0.571367420441E+00  0.476200097205E+00  0.140650480986E+00  0.0000E+00  0.0000E+00  0.0000E+00  0.0000E+00
1  cu    -0.421854162483E+00  0.502268578152E+00  0.473269973928E+00  0.140711888671E+00  0.0000E+00  0.0000E+00  0.0000E+00  0.0000E+00
1  cu    -0.735868108515E+00 -0.405515642307E+00  0.590972445491E-01  0.143091917038E+00  0.0000E+00  0.0000E+00  0.0000E+00  0.0000E+00
1  cu     0.211906033904E+00  0.264273728332E+00  0.692335091224E+00  0.137475118041E+00  0.0000E+00  0.0000E+00  0.0000E+00  0.0000E+00
1  cu    -0.171726682861E+00  0.765245383344E+00  0.298830709759E+00  0.151292636990E+00  0.0000E+00  0.0000E+00  0.0000E+00  0.0000E+00
1  cu    -0.496469754904E+00 -0.113549703347E+00  0.266478133765E+00  0.149380743504E+00  0.0000E+00  0.0000E+00  0.0000E+00  0.0000E+00
1  cu    -0.148182489253E+00 -0.279064794961E+00  0.544735508175E+00  0.143803477288E+00  0.0000E+00  0.0000E+00  0.0000E+00  0.0000E+00
1  cu    -0.873789498234E+00 -0.822737402764E+00 -0.658048611382E+00  0.150556609034E+00  0.0000E+00  0.0000E+00  0.0000E+00  0.0000E+00
1  cu     0.896868069919E-01 -0.170451580354E+00  0.205425950536E+00  0.146347105503E+00  0.0000E+00  0.0000E+00  0.0000E+00  0.0000E+00
1  cu     0.797969110306E+00 -0.110345082934E+00 -0.489456271602E+00  0.139599844813E+00  0.0000E+00  0.0000E+00  0.0000E+00  0.0000E+00
1  cu    -0.568091351503E+00 -0.212729542428E+00 -0.210871917392E+00  0.148383378983E+00  0.0000E+00  0.0000E+00  0.0000E+00  0.0000E+00
1  cu     0.710707199341E+00 -0.677996612484E+00  0.619984780646E+00  0.144696995616E+00  0.0000E+00  0.0000E+00  0.0000E+00  0.0000E+00
1  cu     0.674324251510E+00 -0.972603690133E+00 -0.637059130480E+00  0.139996722341E+00  0.0000E+00  0.0000E+00  0.0000E+00  0.0000E+00
1  cu     0.452956876973E+00 -0.137695023995E+00 -0.139841766829E+00  0.143411993981E+00  0.0000E+00  0.0000E+00  0.0000E+00  0.0000E+00
1  cu     0.220411452966E+00 -0.870672499190E-01  0.593050872601E+00  0.148251429200E+00  0.0000E+00  0.0000E+00  0.0000E+00  0.0000E+00
1  cu     0.412293184615E+00  0.166046401592E+00 -0.653740313968E+00  0.152209252119E+00  0.0000E+00  0.0000E+00  0.0000E+00  0.0000E+00
1  cu    -0.101672484311E+00 -0.437569090325E+00 -0.430443282125E+00  0.149047657847E+00  0.0000E+00  0.0000E+00  0.0000E+00  0.0000E+00
1  cu    -0.625966005062E+00 -0.963936809216E-03 -0.440604966306E+00  0.141586363316E+00  0.0000E+00  0.0000E+00  0.0000E+00  0.0000E+00
1  cu    -0.350090442549E+00 -0.439056943463E+00 -0.548306960067E+00  0.153016984463E+00  0.0000E+00  0.0000E+00  0.0000E+00  0.0000E+00
1  cu    -0.983230856038E+00  0.742648698200E+00 -0.442807791458E+00  0.153571531176E+00  0.0000E+00  0.0000E+00  0.0000E+00  0.0000E+00
1  cu     0.524735373786E+00  0.505716337565E+00  0.159907074225E+00  0.141945093870E+00  0.0000E+00  0.0000E+00  0.0000E+00  0.0000E+00
1  cu     0.880283314102E+00  0.179453518729E+00  0.141072749627E+00  0.150730729103E+00  0.0000E+00  0.0000E+00  0.0000E+00  0.0000E+00
1  cu     0.216937572074E-02 -0.170568510357E+00  0.726291932778E+00  0.144499063492E+00  0.0000E+00  0.0000E+00  0.0000E+00  0.0000E+00
1  cu    -0.852096145826E+00  0.157543812244E+00 -0.147583456957E+00  0.138583168388E+00  0.0000E+00  0.0000E+00  0.0000E+00  0.0000E+00
1  cu    -0.304504157023E+00  0.910264766924E+00 -0.406855455126E+00  0.146747887134E+00  0.0000E+00  0.0000E+00  0.0000E+00  0.0000E+00
1  cu     0.308237715794E+00 -0.344028626253E+00  0.155815796131E+00  0.151157930493E+00  0.0000E+00  0.0000E+00  0.0000E+00  0.0000E+00
1  cu    -0.103040915369E-01  0.680547135673E+00 -0.372808601185E+00  0.148753389716E+00  0.0000E+00  0.0000E+00  0.0000E+00  0.0000E+00
1  cu     0.428461586285E+00  0.105904879445E+00  0.590009472538E+00  0.156569793820E+00  0.0000E+00  0.0000E+00  0.0000E+00  0.0000E+00
1  cu    -0.464621298147E+00  0.845380528826E+00 -0.196145831853E+00  0.147227719426E+00  0.0000E+00  0.0000E+00  0.0000E+00  0.0000E+00
1  cu    -0.788057627731E+00  0.987878328931E+00  0.662636634061E+00  0.154565662145E+00  0.0000E+00  0.0000E+00  0.0000E+00  0.0000E+00
1  cu     0.761035330720E+00  0.616991493081E+00 -0.423891381441E+00  0.149275228381E+00  0.0000E+00  0.0000E+00  0.0000E+00  0.0000E+00
1  cu     0.379685223274E+00  0.979266915732E+00 -0.421907865816E+00  0.143423989415E+00  0.0000E+00  0.0000E+00  0.0000E+00  0.0000E+00
1  cu    -0.182188583988E-01  0.499045640872E+00  0.272358400107E+00  0.141035437584E+00  0.0000E+00  0.0000E+00  0.0000E+00  0.0000E+00
1  cu     0.257467095863E+00  0.552078396956E-01  0.183824870864E+00  0.144279018044E+00  0.0000E+00  0.0000E+00  0.0000E+00  0.0000E+00
1  cu     0.411000332198E+00  0.383425653920E+00  0.549552509812E+00  0.150373131037E+00  0.0000E+00  0.0000E+00  0.0000E+00  0.0000E+00
1  cu    -0.384197972060E+00 -0.895306141878E+00 -0.255223440101E+00  0.145491153002E+00  0.0000E+00  0.0000E+00  0.0000E+00  0.0000E+00
1  cu    -0.779356116244E+00 -0.211264600596E+00 -0.363505445655E+00  0.137836024165E+00  0.0000E+00  0.0000E+00  0.0000E+00  0.0000E+00
1  cu    -0.771294689123E+00 -0.518873739101E+00  0.643888783369E+00  0.147762924433E+00  0.0000E+00  0.0000E+00  0.0000E+00  0.0000E+00
1  cu    -0.925633767770E+00  0.837205534947E+00 -0.570831559555E-01  0.145078510046E+00  0.0000E+00  0.0000E+00  0.0000E+00  0.0000E+00
1  cu     0.748738690996E+00  0.617392519406E+00  0.271959696499E+00  0.139962598681E+00  0.0000E+00  0.0000E+00  0.0000E+00  0.0000E+00
1  cu    -0.977676381522E-01  0.836033860120E+00 -0.596255489389E+00  0.156623214484E+00  0.0000E+00  0.0000E+00  0.0000E+00  0.0000E+00
1  cu     0.377350296601E+00  0.702261611618E+00 -0.654472887436E+00  0.138274893165E+00  0.0000E+00  0.0000E+00  0.0000E+00  0.0000E+00
1  cu     0.557169500250E+00 -0.693924154498E+00  0.406169830025E+00  0.139324426651E+00  0.0000E+00  0.0000E+00  0.0000E+00  0.0000E+00
1  cu     0.863270317371E+00 -0.393418100672E-01  0.619728226925E+00  0.147033482790E+00  0.0000E+00  0.0000E+00  0.0000E+00  0.0000E+00
1  cu    -0.518825723652E+00 -0.909988208908E+00 -0.465325800286E+00  0.143415749073E+00  0.0000E+00  0.0000E+00  0.0000E+00  0.0000E+00
1  cu    -0.638125455050E+00  0.334457954786E+00  0.470563191191E+00  0.142998978496E+00  0.0000E+00  0.0000E+00  0.0000E+00  0.0000E+00
1  cu     0.312190074025E+00 -0.913069298729E+00  0.434884852189E+00  0.146137177944E+00  0.0000E+00  0.0000E+00  0.0000E+00  0.0000E+00
1  cu     0.908728229807E+00  0.145523420201E+00  0.412798097777E+00  0.145104914903E+00  0.0000E+00  0.0000E+00  0.0000E+00  0.0000E+00
1  cu     0.208807086631E+00  0.542723829153E+00  0.680762956763E+00  0.154129683972E+00  0.0000E+00  0.0000E+00  0.0000E+00  0.0000E+00
1  cu    -0.570179170313E-01  0.501289022826E+00 -0.190729452289E+00  0.137466996908E+00  0.0000E+00  0.0000E+00  0.0000E+00  0.0000E+00
1  cu     0.563465751096E+00 -0.175919889466E+00 -0.609179194107E+00  0.150340482592E+00  0.0000E+00  0.0000E+00  0.0000E+00  0.0000E+00
1  cu    -0.684982692887E-01  0.942085242481E+00  0.111867652108E+00  0.141896158457E+00  0.0000E+00  0.0000E+00  0.0000E+00  0.0000E+00
1  cu     0.152049557909E+00  0.935295200196E+00  0.282800078946E+00  0.155965596437E+00  0.0000E+00  0.0000E+00  0.0000E+00  0.0000E+00
1  cu    -0.595097452982E+00  0.136267749698E+00  0.127787123765E-01  0.150205180049E+00  0.0000E+00  0.0000E+00  0.0000E+00  0.0000E+00
1  cu    -0.914591917328E+00 -0.843524165343E+00 -0.160097169015E+00  0.137338489294E+00  0.0000E+00  0.0000E+00  0.0000E+00  0.0000E+00
1  cu     0.263523709793E-02  0.213802422408E+00 -0.301664419489E+00  0.143216073513E+00  0.0000E+00  0.0000E+00  0.0000E+00  0.0000E+00
1  cu     0.874087021099E+00  0.397214331440E+00 -0.521698984526E+00  0.138207986951E+00  0.0000E+00  0.0000E+00  0.0000E+00  0.0000E+00
1  cu    -0.608434418770E+00  0.614390508448E-01 -0.215489747846E+00  0.137367814779E+00  0.0000E+00  0.0000E+00  0.0000E+00  0.0000E+00
1  cu    -0.679450741840E+00  0.912295723561E+00  0.261833646789E+00  0.152794271708E+00  0.0000E+00  0.0000E+00  0.0000E+00  0.0000E+00
1  cu    -0.173596027060E-01 -0.935537672014E+00 -0.719703394273E+00  0.141472458839E+00  0.0000E+00  0.0000E+00  0.0000E+00  0.0000E+00
1  cu     0.339146371196E+00  0.320397477838E+00  0.568653567105E-01  0.147106677294E+00  0.0000E+00  0.0000E+00  0.0000E+00  0.0000E+00
1  cu     0.169570584577E+00  0.875827241184E+00 -0.699531845336E+00  0.143663749099E+00  0.0000E+00  0.0000E+00  0.0000E+00  0.0000E+00
1  cu    -0.666091748577E+00 -0.121975186279E+00  0.462441841586E+00  0.143002539873E+00  0.0000E+00  0.0000E+00  0.0000E+00  0.0000E+00
1  cu    -0.180415193044E+00  0.925958872508E+00  0.671128803164E+00  0.138080328703E+00  0.0000E+00  0.0000E+00  0.0000E+00  0.0000E+00
1  cu     0.542573261191E+00 -0.608299952187E+00 -0.376534036499E+00  0.142352834344E+00  0.0000E+00  0.0000E+00  0.0000E+00  0.0000E+00
1  cu    -0.290949969103E+00  0.453430868028E+00  0.669249692401E+00  0.144210174680E+00  0.0000E+00  0.0000E+00  0.0000E+00  0.0000E+00
1  cu    -0.586443686715E+00  0.321473247097E+00 -0.612188665143E+00  0.139539912343E+00  0.0000E+00  0.0000E+00  0.0000E+00  0.0000E+00
1  cu    -0.490867500572E-01 -0.549089109048E+00  0.434707063245E+00  0.149238049984E+00  0.0000E+00  0.0000E+00  0.0000E+00  0.0000E+00
1  cu    -0.330766521488E+00  0.141737945819E+00 -0.995216510593E-01  0.141639575362E+00  0.0000E+00  0.0000E+00  0.0000E+00  0.0000E+00
1  cu    -0.198340805536E+00 -0.976492727677E+00 -0.742465735271E-01  0.139156594873E+00  0.0000E+00  0.0000E+00  0.0000E+00  0.0000E+00
1  cu     0.841112449041E+00 -0.954850546934E+00 -0.145807114250E+00  0.144458577037E+00  0.0000E+00  0.0000E+00  0.0000E+00  0.0000E+00
1  cu     0.859358127601E+00  0.731511545446E+00  0.686233145135E-01  0.147543087602E+00  0.0000E+00  0.0000E+00  0.0000E+00  0.0000E+00
1  cu     0.184450600107E+00  0.617041349034E+00 -0.195156207003E+00  0.146388664842E+00  0.0000E+00  0.0000E+00  0.0000E+00  0.0000E+00
1  cu     0.710412553977E+00  0.562442087290E+00 -0.663256162422E+00  0.141781330108E+00  0.0000E+00  0.0000E+00  0.0000E+00  0.0000E+00
1  cu     0.615159749563E+00 -0.438318956358E+00  0.494935007401E+00  0.137379989028E+00  0.0000E+00  0.0000E+00  0.0000E+00  0.0000E+00
1  cu    -0.946024390115E+00 -0.821170656494E+00  0.548823689788E+00  0.137562423944E+00  0.0000E+00  0.0000E+00  0.0000E+00  0.0000E+00
1  cu     0.675699115537E+00  0.445618529466E-01 -0.208875537682E-01  0.152257248760E+00  0.0000E+00  0.0000E+00  0.0000E+00  0.0000E+00
1  cu    -0.324643351491E+00 -0.623063439883E+00 -0.613518595518E-01  0.146027803421E+00  0.0000E+00  0.0000E+00  0.0000E+00  0.0000E+00
1  cu     0.606156438357E+00  0.794096111807E+00  0.746538404606E+00  0.138602703809E+00  0.0000E+00  0.0000E+00  0.0000E+00  0.0000E+00
1  cu     0.317533170583E+00  0.708384762035E+00 -0.403337035199E+00  0.145918071270E+00  0.0000E+00  0.0000E+00  0.0000E+00  0.0000E+00
1  cu     0.701418358918E+00  0.187523426054E-02  0.252041255229E+00  0.146002262830E+00  0.0000E+00  0.0000E+00  0.0000E+00  0.0000E+00
1  cu    -0.222076479961E+00 -0.171742868900E+00 -0.544965402822E+00  0.144694015383E+00  0.0000E+00  0.0000E+00  0.0000E+00  0.0000E+00
1  cu     0.152114378376E+00 -0.838086951346E+00  0.107116304612E+00  0.155388355255E+00  0.0000E+00  0.0000E+00  0.0000E+00  0.0000E+00
1  cu     0.800509767034E+00  0.357751799099E-01 -0.275657408297E+00  0.145436599851E+00  0.0000E+00  0.0000E+00  0.0000E+00  0.0000E+00
1  cu     0.438229850492E+00 -0.589870555812E+00  0.616631900402E+00  0.142798602581E+00  0.0000E+00  0.0000E+00  0.0000E+00  0.0000E+00
1  cu     0.471211610034E+00 -0.616294462053E+00 -0.108447615562E+00  0.151505693794E+00  0.0000E+00  0.0000E+00  0.0000E+00  0.0000E+00
1  cu    -0.732097686207E+00  0.269807082054E+00  0.683573092764E+00  0.143203854561E+00  0.0000E+00  0.0000E+00  0.0000E+00  0.0000E+00
1  cu    -0.960738364090E+00 -0.253835165132E+00  0.711489035061E+00  0.137621313334E+00  0.0000E+00  0.0000E+00  0.0000E+00  0.0000E+00
1  cu    -0.243926757972E+00 -0.360156991354E+00 -0.939501519100E-01  0.152020543813E+00  0.0000E+00  0.0000E+00  0.0000E+00  0.0000E+00
1  cu    -0.749861976203E+00  0.961234515200E+00 -0.578603617614E+00  0.144263759256E+00  0.0000E+00  0.0000E+00  0.0000E+00  0.0000E+00
1  cu     0.805822851225E+00 -0.216337412940E+00 -0.712174012658E+00  0.137791380286E+00  0.0000E+00  0.0000E+00  0.0000E+00  0.0000E+00
1  cu    -0.386923097418E+00  0.933521191250E+00  0.202629412280E+00  0.149576395750E+00  0.0000E+00  0.0000E+00  0.0000E+00  0.0000E+00
1  cu     0.149469366641E+00 -0.433378934343E+00 -0.326082858186E+00  0.139312386513E+00  0.0000E+00  0.0000E+00  0.0000E+00  0.0000E+00
1  cu     0.976519115939E+00 -0.635284821099E+00  0.720286421136E+00  0.155122518539E+00  0.0000E+00  0.0000E+00  0.0000E+00  0.0000E+00
1  cu    -0.244818960775E+00 -0.634084138210E-01  0.718232418689E+00  0.150055095553E+00  0.0000E+00  0.0000E+00  0.0000E+00  0.0000E+00
1  cu     0.820334582570E+00 -0.329226186627E+00 -0.370384697553E+00  0.140669032931E+00  0.0000E+00  0.0000E+00  0.0000E+00  0.0000E+00
1  cu     0.100306735680E+01 -0.217304860044E-01 -0.654822341672E+00  0.152622014284E+00  0.0000E+00  0.0000E+00  0.0000E+00  0.0000E+00
1  cu    -0.300113432734E+00 -0.272240486364E+00 -0.324281830826E+00  0.144081458449E+00  0.0000E+00  0.0000E+00  0.0000E+00  0.0000E+00
1  cu     0.884596645119E+00  0.417921151679E+00  0.684916683027E+00  0.148607358336E+00  0.0000E+00  0.0000E+00  0.0000E+00  0.0000E+00
1  cu    -0.660378785709E+00  0.740916370077E+00  0.717241856285E+00  0.137769252062E+00  0.0000E+00  0.0000E+00  0.0000E+00  0.0000E+00
1  cu     0.201333448159E+00 -0.868038611751E+00 -0.576117409442E+00  0.154471561313E+00  0.0000E+00  0.0000E+00  0.0000E+00  0.0000E+00
1  cu     0.369804650666E+00 -0.296373062524E-01 -0.456422899801E+00  0.140165671706E+00  0.0000E+00  0.0000E+00  0.0000E+00  0.0000E+00
1  cu    -0.486052557157E+00 -0.324803193561E+00  0.179394546223E-01  0.137765988708E+00  0.0000E+00  0.0000E+00  0.0000E+00  0.0000E+00
1  cu     0.613747251882E+00 -0.408992259315E+00 -0.494774320050E+00  0.154535531998E+00  0.0000E+00  0.0000E+00  0.0000E+00  0.0000E+00
1  cu    -0.251729675882E+00  0.104910134852E+00  0.512524472015E+00  0.148269042372E+00  0.0000E+00  0.0000E+00  0.0000E+00  0.0000E+00
1  cu    -0.511343359142E-01 -0.528509787943E+00 -0.182309682084E+00  0.140251532197E+00  0.0000E+00  0.0000E+00  0.0000E+00  0.0000E+00
1  cu    -0.117395132590E+00  0.431496870249E+00 -0.429768038222E+00  0.144228965044E+00  0.0000E+00  0.0000E+00  0.0000E+00  0.0000E+00
1  cu     0.183123561207E+00 -0.656859515451E+00  0.747829201714E+00  0.155575752259E+00  0.0000E+00  0.0000E+00  0.0000E+00  0.0000E+00
1  cu    -0.511623538631E-01  0.258186542372E-01 -0.613477967827E+00  0.138515442610E+00  0.0000E+00  0.0000E+00  0.0000E+00  0.0000E+00
1  cu    -0.554370068924E+00  0.443143570777E+00  0.263323155613E+00  0.144603371620E+00  0.0000E+00  0.0000E+00  0.0000E+00  0.0000E+00
1  cu    -0.453555862530E+00 -0.599596417623E+00  0.624545211455E+00  0.143413811922E+00  0.0000E+00  0.0000E+00  0.0000E+00  0.0000E+00
1  cu    -0.760070320713E+00  0.499999134884E+00 -0.671224389493E+00  0.139718070626E+00  0.0000E+00  0.0000E+00  0.0000E+00  0.0000E+00
1  cu    -0.935934324266E+00  0.329010166491E+00  0.155425232765E-01  0.137537419796E+00  0.0000E+00  0.0000E+00  0.0000E+00  0.0000E+00
1  cu    -0.757624331210E+00  0.111322074668E+00 -0.626372142099E+00  0.149037674069E+00  0.0000E+00  0.0000E+00  0.0000E+00  0.0000E+00
1  cu    -0.672054084147E+00  0.400504058223E+00  0.282762957030E-01  0.137986883521E+00  0.0000E+00  0.0000E+00  0.0000E+00  0.0000E+00
1  cu     0.542949831069E+00 -0.362183845956E+00 -0.818647139622E-03  0.139760211110E+00  0.0000E+00  0.0000E+00  0.0000E+00  0.0000E+00
1  cu     0.126248637177E+00 -0.484922344940E+00 -0.572818472902E+00  0.145204946399E+00  0.0000E+00  0.0000E+00  0.0000E+00  0.0000E+00
1  cu    -0.733713139901E+00 -0.746700153622E+00  0.231144205885E+00  0.142711475492E+00  0.0000E+00  0.0000E+00  0.0000E+00  0.0000E+00
1  cu     0.937200164773E+00 -0.980478807741E+00  0.725969703768E+00  0.154627948999E+00  0.0000E+00  0.0000E+00  0.0000E+00  0.0000E+00
1  cu    -0.940975497136E+00  0.950350093268E+00 -0.283879507568E+00  0.146311566234E+00  0.0000E+00  0.0000E+00  0.0000E+00  0.0000E+00
1  cu     0.923053792332E+00  0.905349539643E+00  0.499210008947E+00  0.138816863298E+00  0.0000E+00  0.0000E+00  0.0000E+00  0.0000E+00
1  cu     0.464809865745E+00  0.836492559078E-01  0.328443678733E+00  0.153246104717E+00  0.0000E+00  0.0000E+00  0.0000E+00  0.0000E+00
1  cu     0.468163728435E+00  0.457939767461E+00 -0.725436834915E+00  0.142294347286E+00  0.0000E+00  0.0000E+00  0.0000E+00  0.0000E+00
1  cu    -0.690365668679E+00 -0.257993075681E+00  0.692195890531E+00  0.148193821311E+00  0.0000E+00  0.0000E+00  0.0000E+00  0.0000E+00
1  cu     0.416099197001E+00 -0.976323750829E-01  0.745295172262E+00  0.138467028737E+00  0.0000E+00  0.0000E+00  0.0000E+00  0.0000E+00
1  cu    -0.996548319154E+00 -0.721913152660E+00  0.276883019075E+00  0.142015486956E+00  0.0000E+00  0.0000E+00  0.0000E+00  0.0000E+00
1  cu     0.443912097156E+00  0.925622367057E+00  0.582590855229E+00  0.140809014440E+00  0.0000E+00  0.0000E+00  0.0000E+00  0.0000E+00
1  cu    -0.529791958675E+00 -0.672650584053E+00 -0.370256026984E+00  0.140180245042E+00  0.0000E+00  0.0000E+00  0.0000E+00  0.0000E+00
1  cu     0.334365376710E+00 -0.902800031677E+00 -0.906026279699E-01  0.149943962693E+00  0.0000E+00  0.0000E+00  0.0000E+00  0.0000E+00
1  cu    -0.494017376415E+00  0.704687752244E+00 -0.390004841972E+00  0.138242825865E+00  0.0000E+00  0.0000E+00  0.0000E+00  0.0000E+00
1  cu     0.674942694204E+00 -0.453191715385E+00 -0.213937405181E+00  0.138515010476E+00  0.0000E+00  0.0000E+00  0.0000E+00  0.0000E+00
1  cu    -0.114343826737E+00  0.523506691520E+00 -0.664081195686E+00  0.141153395176E+00  0.0000E+00  0.0000E+00  0.0000E+00  0.0000E+00
1  cu    -0.485002512849E+00  0.595972961990E+00  0.721863915664E-01  0.139914989471E+00  0.0000E+00  0.0000E+00  0.0000E+00  0.0000E+00
1  cu     0.244009192916E+00 -0.294517075384E+00 -0.715119099275E+00  0.156316876411E+00  0.0000E+00  0.0000E+00  0.0000E+00  0.0000E+00
1  cu    -0.152957692669E+00 -0.654005314884E+00  0.227842179365E+00  0.141665443778E+00  0.0000E+00  0.0000E+00  0.0000E+00  0.0000E+00
1  cu     0.952389987932E+00 -0.359210337500E+00  0.319755802115E+00  0.143246129155E+00  0.0000E+00  0.0000E+00  0.0000E+00  0.0000E+00
1  cu     0.565686657034E+00  0.306841055542E+00 -0.964860087430E-01  0.144097700715E+00  0.0000E+00  0.0000E+00  0.0000E+00  0.0000E+00
1  cu     0.728910232677E+00  0.502654316536E+00 -0.184536689016E+00  0.141550689935E+00  0.0000E+00  0.0000E+00  0.0000E+00  0.0000E+00
1  cu    -0.441244761687E-01  0.961278937971E+00  0.464599951631E+00  0.147659957409E+00  0.0000E+00  0.0000E+00  0.0000E+00  0.0000E+00
1  cu     0.649767387529E+00  0.528803992767E+00  0.599950539836E+00  0.141240686178E+00  0.0000E+00  0.0000E+00  0.0000E+00  0.0000E+00
1  cu     0.517197233008E+00  0.564813837549E+00  0.384249900618E+00  0.139909207821E+00  0.0000E+00  0.0000E+00  0.0000E+00  0.0000E+00
1  cu    -0.422110226116E+00 -0.688684917093E+00 -0.651864289294E+00  0.142178133130E+00  0.0000E+00  0.0000E+00  0.0000E+00  0.0000E+00
1  cu     0.717432706630E+00 -0.721556897590E+00 -0.206329959331E+00  0.137826636433E+00  0.0000E+00  0.0000E+00  0.0000E+00  0.0000E+00
1  cu    -0.501565418569E+00  0.577257811320E+00 -0.609213258173E+00  0.137529909610E+00  0.0000E+00  0.0000E+00  0.0000E+00  0.0000E+00
1  cu    -0.465249480939E+00  0.228492021797E+00 -0.403048418544E+00  0.138306260109E+00  0.0000E+00  0.0000E+00  0.0000E+00  0.0000E+00
1  cu     0.184098361940E+00  0.866422155483E+00  0.563438594745E+00  0.144961252809E+00  0.0000E+00  0.0000E+00  0.0000E+00  0.0000E+00
1  cu    -0.943654297447E+00 -0.425939708642E+00 -0.356062464937E+00  0.143870159984E+00  0.0000E+00  0.0000E+00  0.0000E+00  0.0000E+00
1  cu    -0.464347178344E+00 -0.190889724081E+00 -0.680087605732E+00  0.142032384873E+00  0.0000E+00  0.0000E+00  0.0000E+00  0.0000E+00
1  cu     0.119120568679E+00 -0.557464772614E+00  0.236982015639E+00  0.137696668505E+00  0.0000E+00  0.0000E+00  0.0000E+00  0.0000E+00
1  cu     0.570909168093E+00 -0.176479057990E+00 -0.354442743553E+00  0.147740676999E+00  0.0000E+00  0.0000E+00  0.0000E+00  0.0000E+00
1  cu     0.316958772920E+00 -0.729110542323E+00  0.280956887011E+00  0.139786377549E+00  0.0000E+00  0.0000E+00  0.0000E+00  0.0000E+00
1  cu    -0.445237062266E+00 -0.999474145844E+00 -0.402858583474E-01  0.141143456102E+00  0.0000E+00  0.0000E+00  0.0000E+00  0.0000E+00
1  cu    -0.719245201722E+00 -0.752279026657E+00  0.660813804898E+00  0.138613879681E+00  0.0000E+00  0.0000E+00  0.0000E+00  0.0000E+00
1  cu     0.420429876669E+00  0.836913566270E+00 -0.855868728412E-01  0.140495285392E+00  0.0000E+00  0.0000E+00  0.0000E+00  0.0000E+00
1  cu    -0.319748212385E+00  0.495008175487E+00 -0.106021376369E+00  0.142834022641E+00  0.0000E+00  0.0000E+00  0.0000E+00  0.0000E+00
1  cu    -0.942069838103E+00 -0.652873179391E+00 -0.475030628473E+00  0.140874892473E+00  0.0000E+00  0.0000E+00  0.0000E+00  0.0000E+00
1  cu    -0.996105727914E+00  0.100450575229E+01 -0.526803777902E+00  0.138274952769E+00  0.0000E+00  0.0000E+00  0.0000E+00  0.0000E+00
1  cu    -0.705031869635E+00 -0.985897592051E+00 -0.148068674771E+00  0.144435971976E+00  0.0000E+00  0.0000E+00  0.0000E+00  0.0000E+00
1  cu     0.154040792182E-01 -0.104402771797E+00  0.460490403025E+00  0.140875831246E+00  0.0000E+00  0.0000E+00  0.0000E+00  0.0000E+00
1  cu    -0.554017209512E+00 -0.588061656794E+00  0.751633009168E-01  0.138339221477E+00  0.0000E+00  0.0000E+00  0.0000E+00  0.0000E+00
1  cu     0.806534876071E+00 -0.586774270716E+00  0.382737794646E+00  0.139690861106E+00  0.0000E+00  0.0000E+00  0.0000E+00  0.0000E+00
1  cu     0.920422702857E+00  0.383092191360E+00  0.291442524658E+00  0.140615448355E+00  0.0000E+00  0.0000E+00  0.0000E+00  0.0000E+00
1  cu     0.167034923823E+00 -0.386574960177E+00 -0.775026375379E-01  0.141911655665E+00  0.0000E+00  0.0000E+00  0.0000E+00  0.0000E+00
1  cu    -0.630099732975E-01  0.281679930725E+00  0.432741011685E+00  0.144060164690E+00  0.0000E+00  0.0000E+00  0.0000E+00  0.0000E+00
1  cu     0.142157682827E+00  0.433366118831E+00 -0.391205283591E+00  0.141365468502E+00  0.0000E+00  0.0000E+00  0.0000E+00  0.0000E+00
1  cu    -0.845251296158E+00  0.824127402568E-01  0.122724359847E+00  0.155301615596E+00  0.0000E+00  0.0000E+00  0.0000E+00  0.0000E+00
1  cu     0.417996912311E+00  0.967977086734E+00 -0.678373899117E+00  0.141025289893E+00  0.0000E+00  0.0000E+00  0.0000E+00  0.0000E+00
1  cu    -0.968245044084E+00 -0.972246478432E+00  0.331746086657E+00  0.143672049045E+00  0.0000E+00  0.0000E+00  0.0000E+00  0.0000E+00
1  cu    -0.926325804519E+00  0.605914345253E+00  0.369448147241E+00  0.140139460563E+00  0.0000E+00  0.0000E+00  0.0000E+00  0.0000E+00
1  cu    -0.973335825158E+00  0.164838891255E+00  0.637489246791E+00  0.138776764273E+00  0.0000E+00  0.0000E+00  0.0000E+00  0.0000E+00
1  cu    -0.606444308529E+00  0.176198905158E+00  0.253272035760E+00  0.141300171614E+00  0.0000E+00  0.0000E+00  0.0000E+00  0.0000E+00
1  cu    -0.566166443684E+00  0.494581253310E+00  0.676056032362E+00  0.140988036990E+00  0.0000E+00  0.0000E+00  0.0000E+00  0.0000E+00
1  cu     0.687698058841E+00  0.298272258836E+00 -0.341681628187E+00  0.151394248008E+00  0.0000E+00  0.0000E+00  0.0000E+00  0.0000E+00
1  cu     0.862784852075E+00  0.539166442664E+00  0.465050032956E+00  0.141627088189E+00  0.0000E+00  0.0000E+00  0.0000E+00  0.0000E+00
1  cu    -0.572494797834E+00  0.884958483110E+00  0.502689310031E+00  0.149260774255E+00  0.0000E+00  0.0000E+00  0.0000E+00  0.0000E+00
1  cu    -0.937225351860E+00  0.304187844580E+00 -0.651254596239E+00  0.139170825482E+00  0.0000E+00  0.0000E+00  0.0000E+00  0.0000E+00
1  cu    -0.344888035746E+00 -0.357851199060E+00  0.693162929106E+00  0.148307189345E+00  0.0000E+00  0.0000E+00  0.0000E+00  0.0000E+00
1  cu     0.933976989433E+00 -0.831024432251E+00 -0.349881900547E+00  0.138682112098E+00  0.0000E+00  0.0000E+00  0.0000E+00  0.0000E+00
1  cu     0.334196224956E+00  0.765270618750E+00  0.144666436193E+00  0.139147907495E+00  0.0000E+00  0.0000E+00  0.0000E+00  0.0000E+00
1  cu    -0.799937683013E+00  0.606468838473E+00 -0.231414038650E-01  0.137399584055E+00  0.0000E+00  0.0000E+00  0.0000E+00  0.0000E+00
1  cu    -0.279350063479E-01 -0.217438310163E+00 -0.454918285190E-02  0.140511557460E+00  0.0000E+00  0.0000E+00  0.0000E+00  0.0000E+00
1  cu     0.237567942332E+00 -0.910245720034E+00  0.669438670185E+00  0.142936512828E+00  0.0000E+00  0.0000E+00  0.0000E+00  0.0000E+00
1  cu    -0.290068186041E+00  0.520847637954E+00  0.248423456382E+00  0.141766995191E+00  0.0000E+00  0.0000E+00  0.0000E+00  0.0000E+00
1  cu    -0.915205366264E+00  0.803678668878E+00 -0.699504897817E+00  0.139395505190E+00  0.0000E+00  0.0000E+00  0.0000E+00  0.0000E+00
1  cu     0.557011273519E-01 -0.909023710938E+00 -0.126226386196E+00  0.141144201159E+00  0.0000E+00  0.0000E+00  0.0000E+00  0.0000E+00
1  cu    -0.305146861004E+00 -0.455949934817E+00  0.149655838732E+00  0.141815379262E+00  0.0000E+00  0.0000E+00  0.0000E+00  0.0000E+00
1  cu     0.193351701066E-01  0.294406536037E+00 -0.620665236811E+00  0.142449259758E+00  0.0000E+00  0.0000E+00  0.0000E+00  0.0000E+00
1  cu    -0.700412420019E-01 -0.389663525752E-01 -0.370464882372E+00  0.138276025653E+00  0.0000E+00  0.0000E+00  0.0000E+00  0.0000E+00
1  cu     0.407137703334E+00  0.911950211395E-01 -0.208015109844E-01  0.138093560934E+00  0.0000E+00  0.0000E+00  0.0000E+00  0.0000E+00
1  cu    -0.176874810418E+00 -0.916205922462E+00  0.277812256469E+00  0.139563143253E+00  0.0000E+00  0.0000E+00  0.0000E+00  0.0000E+00
1  cu     0.844409018818E+00  0.189518361198E+00 -0.727260038430E+00  0.142570659518E+00  0.0000E+00  0.0000E+00  0.0000E+00  0.0000E+00
1  cu     0.640840891811E+00  0.307485145085E+00 -0.594619649786E+00  0.140882417560E+00  0.0000E+00  0.0000E+00  0.0000E+00  0.0000E+00
1  cu     0.157155593350E+00 -0.356219008619E+00  0.395332515074E+00  0.143146514892E+00  0.0000E+00  0.0000E+00  0.0000E+00  0.0000E+00
1  cu     0.109696080391E+00  0.476135281422E+00  0.321801654740E-01  0.143198758363E+00  0.0000E+00  0.0000E+00  0.0000E+00  0.0000E+00
1  cu    -0.980069029163E+00  0.552229710246E+00  0.145262819481E+00  0.138026222586E+00  0.0000E+00  0.0000E+00  0.0000E+00  0.0000E+00
1  cu     0.127623312148E+00  0.148078641475E+00  0.258979579756E-02  0.139310687780E+00  0.0000E+00  0.0000E+00  0.0000E+00  0.0000E+00
1  cu    -0.336339543093E+00  0.376503645287E+00 -0.592984349753E+00  0.142709553242E+00  0.0000E+00  0.0000E+00  0.0000E+00  0.0000E+00
1  cu    -0.439320844032E+00 -0.731936487209E-01 -0.505207915889E-01  0.138816192746E+00  0.0000E+00  0.0000E+00  0.0000E+00  0.0000E+00
1  cu    -0.426055673998E+00 -0.631558430971E+00  0.270067144576E+00  0.138329714537E+00  0.0000E+00  0.0000E+00  0.0000E+00  0.0000E+00
1  cu    -0.304826900022E+00  0.705433516657E+00 -0.734262925922E+00  0.141084879637E+00  0.0000E+00  0.0000E+00  0.0000E+00  0.0000E+00
1  cu     0.974277056418E+00  0.543003944045E+00 -0.873924785274E-01  0.139941379428E+00  0.0000E+00  0.0000E+00  0.0000E+00  0.0000E+00
1  cu    -0.924187180131E+00 -0.233902371518E+00  0.573728707477E-01  0.140571191907E+00  0.0000E+00  0.0000E+00  0.0000E+00  0.0000E+00
1  cu     0.612498248686E+00  0.679267511213E-01 -0.488822282809E+00  0.139339402318E+00  0.0000E+00  0.0000E+00  0.0000E+00  0.0000E+00
1  cu     0.663304206690E+00 -0.636927835056E+00 -0.637067522733E+00  0.138690933585E+00  0.0000E+00  0.0000E+00  0.0000E+00  0.0000E+00
1  cu     0.377498462962E-01 -0.143966883236E-01 -0.160676790063E+00  0.138067558408E+00  0.0000E+00  0.0000E+00  0.0000E+00  0.0000E+00
1  cu     0.250825302195E+00  0.549619136016E+00  0.246740754744E+00  0.138256549835E+00  0.0000E+00  0.0000E+00  0.0000E+00  0.0000E+00
1  cu     0.128560213017E+00  0.900555051253E+00 -0.459367411758E+00  0.141268432140E+00  0.0000E+00  0.0000E+00  0.0000E+00  0.0000E+00
1  cu    -0.799236626280E+00 -0.359728983450E+00 -0.161273486921E+00  0.137651905417E+00  0.0000E+00  0.0000E+00  0.0000E+00  0.0000E+00
1  cu    -0.971073875154E+00 -0.120174820400E+00  0.465250928662E+00  0.141164302826E+00  0.0000E+00  0.0000E+00  0.0000E+00  0.0000E+00
  list of objects:
   bonded contacts (i,j):         0

