particles:      400 objects:        0 bonded_contacts:          0  mean_radius:   0.145000001552E+00
 -0.114639414877E+01 -0.114639414877E+01 -0.114639414877E+01  0.114639414877E+01  0.114639414877E+01  0.114639414877E+01
mat type  xcenter_mm          ycenter_mm          zcenter_mm          radius_mm           Temp_degC   ux_mmps     uy_mmps     uz_mmps
1  cu    -0.583250379298E+00 -0.472097722504E+00 -0.344786640225E+00  0.240085380264E+00  0.0000E+00  0.0000E+00  0.0000E+00  0.0000E+00
1  cu     0.276882843190E+00  0.171129129626E+00  0.421898263461E+00  0.239202038092E+00  0.0000E+00  0.0000E+00  0.0000E+00  0.0000E+00
1  cu     0.387860101679E+00 -0.349248406240E+00 -0.387918000372E+00  0.235794857710E+00  0.0000E+00  0.0000E+00  0.0000E+00  0.0000E+00
1  cu     0.503622383284E-01  0.621645979439E+00  0.937756114361E-01  0.234903092704E+00  0.0000E+00  0.0000E+00  0.0000E+00  0.0000E+00
1  cu    -0.763212192059E-02  0.704729748767E+00 -0.106953644605E+01  0.234805638440E+00  0.0000E+00  0.0000E+00  0.0000E+00  0.0000E+00
1  cu     0.293431016636E-01  0.109280766823E+01  0.918406153617E+00  0.234166636470E+00  0.0000E+00  0.0000E+00  0.0000E+00  0.0000E+00
1  cu     0.271162310352E-01 -0.734656946933E+00  0.378590358615E+00  0.227458767336E+00  0.0000E+00  0.0000E+00  0.0000E+00  0.0000E+00
1  cu     0.990755088164E+00  0.638814378171E+00 -0.106941435508E+01  0.219316106627E+00  0.0000E+00  0.0000E+00  0.0000E+00  0.0000E+00
1  cu    -0.108459490636E+01  0.634035634173E+00 -0.201825558263E+00  0.218914209453E+00  0.0000E+00  0.0000E+00  0.0000E+00  0.0000E+00
1  cu     0.636204038701E+00 -0.650879609146E+00 -0.110898845419E+01  0.216678357842E+00  0.0000E+00  0.0000E+00  0.0000E+00  0.0000E+00
1  cu     0.915718432547E+00  0.130542764483E+00 -0.108742535350E+01  0.211167923929E+00  0.0000E+00  0.0000E+00  0.0000E+00  0.0000E+00
1  cu    -0.867729806190E+00 -0.102251766336E+01 -0.139524195207E+00  0.211020224676E+00  0.0000E+00  0.0000E+00  0.0000E+00  0.0000E+00
1  cu     0.739875327296E+00  0.754049344516E+00 -0.516679844444E+00  0.207892178825E+00  0.0000E+00  0.0000E+00  0.0000E+00  0.0000E+00
1  cu     0.516772696581E+00 -0.895026023998E+00  0.380865950995E+00  0.207593614425E+00  0.0000E+00  0.0000E+00  0.0000E+00  0.0000E+00
1  cu    -0.127792570715E+00 -0.107876491893E+01 -0.509503417090E+00  0.206884350625E+00  0.0000E+00  0.0000E+00  0.0000E+00  0.0000E+00
1  cu     0.652573973906E+00 -0.889076811578E+00 -0.408217201513E+00  0.206034574307E+00  0.0000E+00  0.0000E+00  0.0000E+00  0.0000E+00
1  cu     0.970736180396E+00  0.506372608889E+00  0.652985529404E+00  0.205978022746E+00  0.0000E+00  0.0000E+00  0.0000E+00  0.0000E+00
1  cu    -0.184888731151E+00 -0.131508607339E+00 -0.302140204801E+00  0.205233338943E+00  0.0000E+00  0.0000E+00  0.0000E+00  0.0000E+00
1  cu    -0.663017630362E+00  0.421687900135E+00  0.463093363897E+00  0.203517776822E+00  0.0000E+00  0.0000E+00  0.0000E+00  0.0000E+00
1  cu    -0.744760691736E+00 -0.224251893741E+00  0.308712450601E-01  0.203061527031E+00  0.0000E+00  0.0000E+00  0.0000E+00  0.0000E+00
1  cu     0.109371618559E+01  0.226819810839E+00  0.255895805561E+00  0.202866032118E+00  0.0000E+00  0.0000E+00  0.0000E+00  0.0000E+00
1  cu     0.204772358626E+00  0.114056415556E+01 -0.285509751469E-02  0.201669795469E+00  0.0000E+00  0.0000E+00  0.0000E+00  0.0000E+00
1  cu     0.903392949835E-01  0.949729080867E+00  0.500836098362E+00  0.200684555994E+00  0.0000E+00  0.0000E+00  0.0000E+00  0.0000E+00
1  cu     0.412478342765E+00  0.378886701502E+00  0.903731735353E+00  0.199189442987E+00  0.0000E+00  0.0000E+00  0.0000E+00  0.0000E+00
1  cu    -0.650230176864E+00 -0.991671088928E-01 -0.713711179493E+00  0.198565989603E+00  0.0000E+00  0.0000E+00  0.0000E+00  0.0000E+00
1  cu     0.713421135984E+00  0.502916230539E+00  0.930052345700E-01  0.198258205471E+00  0.0000E+00  0.0000E+00  0.0000E+00  0.0000E+00
1  cu    -0.868462378099E-01 -0.633338632317E+00 -0.648240609820E+00  0.197959588297E+00  0.0000E+00  0.0000E+00  0.0000E+00  0.0000E+00
1  cu     0.931100175998E+00  0.111671514495E+01 -0.764656388190E-01  0.197709451093E+00  0.0000E+00  0.0000E+00  0.0000E+00  0.0000E+00
1  cu    -0.110824272480E+01 -0.120969232759E+00  0.667919032744E+00  0.196848328810E+00  0.0000E+00  0.0000E+00  0.0000E+00  0.0000E+00
1  cu    -0.259655410951E+00 -0.680611341321E+00  0.111011478065E+01  0.195228903931E+00  0.0000E+00  0.0000E+00  0.0000E+00  0.0000E+00
1  cu    -0.860938567270E+00  0.711451630843E+00  0.830272518078E+00  0.195008148137E+00  0.0000E+00  0.0000E+00  0.0000E+00  0.0000E+00
1  cu    -0.426682172021E+00 -0.176490247638E+00  0.278080251875E+00  0.194510737047E+00  0.0000E+00  0.0000E+00  0.0000E+00  0.0000E+00
1  cu    -0.498417212503E+00  0.751665417891E+00 -0.557482304883E+00  0.193551394682E+00  0.0000E+00  0.0000E+00  0.0000E+00  0.0000E+00
1  cu    -0.957255164226E+00 -0.312003780032E+00  0.981391340780E+00  0.193402929609E+00  0.0000E+00  0.0000E+00  0.0000E+00  0.0000E+00
1  cu     0.272347134751E+00 -0.836691184689E+00 -0.106093161160E+01  0.193243404728E+00  0.0000E+00  0.0000E+00  0.0000E+00  0.0000E+00
1  cu     0.113508897712E+01 -0.673884873666E+00  0.626394343995E+00  0.193055049054E+00  0.0000E+00  0.0000E+00  0.0000E+00  0.0000E+00
1  cu    -0.308626502878E+00  0.112214676041E+01  0.625989093660E+00  0.192978393868E+00  0.0000E+00  0.0000E+00  0.0000E+00  0.0000E+00
1  cu     0.878075434371E+00  0.101087201264E+01  0.647689761648E+00  0.192759281124E+00  0.0000E+00  0.0000E+00  0.0000E+00  0.0000E+00
1  cu    -0.102153405718E+01 -0.414317737961E+00 -0.393889567478E+00  0.190627519897E+00  0.0000E+00  0.0000E+00  0.0000E+00  0.0000E+00
1  cu    -0.215231491404E+00  0.662403704457E-01 -0.695251940958E+00  0.190563680156E+00  0.0000E+00  0.0000E+00  0.0000E+00  0.0000E+00
1  cu    -0.671527887306E+00  0.257790221887E+00  0.920106256136E+00  0.190392193607E+00  0.0000E+00  0.0000E+00  0.0000E+00  0.0000E+00
1  cu     0.103858551792E+01 -0.655177440796E+00 -0.103115803603E+01  0.189943605523E+00  0.0000E+00  0.0000E+00  0.0000E+00  0.0000E+00
1  cu     0.422373443835E+00 -0.372096041568E+00  0.390158621942E+00  0.188525687177E+00  0.0000E+00  0.0000E+00  0.0000E+00  0.0000E+00
1  cu    -0.659456356948E+00 -0.419323467999E+00 -0.106433067024E+01  0.187968369817E+00  0.0000E+00  0.0000E+00  0.0000E+00  0.0000E+00
1  cu    -0.854885606176E+00  0.692078142976E+00  0.204907633135E+00  0.187735231916E+00  0.0000E+00  0.0000E+00  0.0000E+00  0.0000E+00
1  cu    -0.655685293404E+00 -0.112462125796E+01 -0.940321203100E+00  0.187573806561E+00  0.0000E+00  0.0000E+00  0.0000E+00  0.0000E+00
1  cu    -0.306354349681E+00  0.504810646865E+00 -0.147757024766E+00  0.186974592576E+00  0.0000E+00  0.0000E+00  0.0000E+00  0.0000E+00
1  cu     0.981755894122E+00 -0.644337137757E+00  0.171558454234E+00  0.186027288109E+00  0.0000E+00  0.0000E+00  0.0000E+00  0.0000E+00
1  cu     0.963877877414E+00  0.113980352305E+01 -0.113084503178E+01  0.185998603325E+00  0.0000E+00  0.0000E+00  0.0000E+00  0.0000E+00
1  cu     0.213010920155E+00  0.281610572648E+00 -0.717902969686E+00  0.185276867115E+00  0.0000E+00  0.0000E+00  0.0000E+00  0.0000E+00
1  cu    -0.133698246207E-01 -0.863401047942E-01  0.753178658164E+00  0.184905364038E+00  0.0000E+00  0.0000E+00  0.0000E+00  0.0000E+00
1  cu    -0.321232252906E+00  0.103346282963E+00 -0.108669395404E+01  0.184697261260E+00  0.0000E+00  0.0000E+00  0.0000E+00  0.0000E+00
1  cu    -0.100081011701E+01 -0.965489140176E+00  0.111573727074E+01  0.184584210326E+00  0.0000E+00  0.0000E+00  0.0000E+00  0.0000E+00
1  cu     0.719594468459E+00  0.249636493524E+00  0.492669759663E+00  0.184464514477E+00  0.0000E+00  0.0000E+00  0.0000E+00  0.0000E+00
1  cu    -0.770077086859E+00  0.648671075034E+00 -0.108048279055E+01  0.183837044356E+00  0.0000E+00  0.0000E+00  0.0000E+00  0.0000E+00
1  cu    -0.989927397382E+00  0.647836500098E+00 -0.666567439837E+00  0.183825602224E+00  0.0000E+00  0.0000E+00  0.0000E+00  0.0000E+00
1  cu    -0.845831385215E+00  0.104910311101E+01  0.648534080932E+00  0.183816875642E+00  0.0000E+00  0.0000E+00  0.0000E+00  0.0000E+00
1  cu    -0.302839505230E+00 -0.288292336715E+00 -0.791052087347E+00  0.183748255690E+00  0.0000E+00  0.0000E+00  0.0000E+00  0.0000E+00
1  cu     0.292408459107E+00  0.758989730087E+00 -0.426114133722E+00  0.183496670701E+00  0.0000E+00  0.0000E+00  0.0000E+00  0.0000E+00
1  cu     0.132984010816E+00 -0.157029633815E+00 -0.902877677504E+00  0.183483398462E+00  0.0000E+00  0.0000E+00  0.0000E+00  0.0000E+00
1  cu     0.775759756851E+00 -0.766536735078E-02  0.788343152192E+00  0.181368747951E+00  0.0000E+00  0.0000E+00  0.0000E+00  0.0000E+00
1  cu    -0.106831209711E+01  0.109127379286E+01 -0.843231936487E+00  0.180749244457E+00  0.0000E+00  0.0000E+00  0.0000E+00  0.0000E+00
1  cu     0.630762105686E+00 -0.323538797928E+00 -0.364215181061E-01  0.179497040872E+00  0.0000E+00  0.0000E+00  0.0000E+00  0.0000E+00
1  cu     0.703330001514E+00  0.128928641525E+00 -0.334387125730E+00  0.179169162497E+00  0.0000E+00  0.0000E+00  0.0000E+00  0.0000E+00
1  cu    -0.645468055580E+00  0.401620843809E+00 -0.186988378078E-01  0.179086178457E+00  0.0000E+00  0.0000E+00  0.0000E+00  0.0000E+00
1  cu     0.282872752602E+00  0.111557448277E+01 -0.594992321334E+00  0.178944920643E+00  0.0000E+00  0.0000E+00  0.0000E+00  0.0000E+00
1  cu    -0.771448747452E+00 -0.109384401433E+01  0.242645208826E+00  0.178825700939E+00  0.0000E+00  0.0000E+00  0.0000E+00  0.0000E+00
1  cu    -0.404820461708E-01  0.340299647749E+00  0.790672051898E+00  0.178139245172E+00  0.0000E+00  0.0000E+00  0.0000E+00  0.0000E+00
1  cu     0.529134264656E+00  0.102990674104E+01 -0.114094132502E+01  0.177611207191E+00  0.0000E+00  0.0000E+00  0.0000E+00  0.0000E+00
1  cu    -0.310843629156E+00 -0.939844876329E+00 -0.598584000244E-01  0.177404733977E+00  0.0000E+00  0.0000E+00  0.0000E+00  0.0000E+00
1  cu     0.984409223374E+00 -0.247031318617E+00 -0.746236101003E+00  0.177047538109E+00  0.0000E+00  0.0000E+00  0.0000E+00  0.0000E+00
1  cu     0.728235414336E+00  0.359854839089E+00 -0.814093463288E+00  0.176887412183E+00  0.0000E+00  0.0000E+00  0.0000E+00  0.0000E+00
1  cu    -0.603132866167E+00  0.367592426377E+00 -0.403028048412E+00  0.176545522723E+00  0.0000E+00  0.0000E+00  0.0000E+00  0.0000E+00
1  cu    -0.110958744513E+01  0.261385887126E+00 -0.494012766194E+00  0.176308385090E+00  0.0000E+00  0.0000E+00  0.0000E+00  0.0000E+00
1  cu     0.348852894471E+00 -0.761827634584E+00  0.865737367372E+00  0.176265071758E+00  0.0000E+00  0.0000E+00  0.0000E+00  0.0000E+00
1  cu    -0.735224412032E+00 -0.426674720459E+00  0.513332367748E+00  0.175936612275E+00  0.0000E+00  0.0000E+00  0.0000E+00  0.0000E+00
1  cu    -0.932039078593E+00 -0.870101122482E+00 -0.791770303283E+00  0.175832403442E+00  0.0000E+00  0.0000E+00  0.0000E+00  0.0000E+00
1  cu    -0.324262172634E+00  0.100522774106E+01 -0.812268977006E+00  0.175389916694E+00  0.0000E+00  0.0000E+00  0.0000E+00  0.0000E+00
1  cu    -0.162855035667E+00 -0.112297732876E+01  0.209784967028E+00  0.175146181056E+00  0.0000E+00  0.0000E+00  0.0000E+00  0.0000E+00
1  cu    -0.125304895419E+00 -0.450258914025E+00 -0.918966772195E-01  0.174355242614E+00  0.0000E+00  0.0000E+00  0.0000E+00  0.0000E+00
1  cu     0.620539709087E+00  0.945119430006E+00  0.290437807571E+00  0.173993408439E+00  0.0000E+00  0.0000E+00  0.0000E+00  0.0000E+00
1  cu    -0.206442087488E+00  0.404011648800E+00  0.379060380215E+00  0.173906358406E+00  0.0000E+00  0.0000E+00  0.0000E+00  0.0000E+00
1  cu     0.102753943713E+01  0.336535436522E-01 -0.171070669314E+00  0.173698269115E+00  0.0000E+00  0.0000E+00  0.0000E+00  0.0000E+00
1  cu    -0.324392861567E+00 -0.722177300260E+00  0.580078874104E+00  0.173695584057E+00  0.0000E+00  0.0000E+00  0.0000E+00  0.0000E+00
1  cu    -0.104895465876E+01  0.256205905178E+00  0.788903165732E+00  0.173596326660E+00  0.0000E+00  0.0000E+00  0.0000E+00  0.0000E+00
1  cu    -0.742927034298E+00  0.977146217213E-01  0.278654022145E+00  0.173101982950E+00  0.0000E+00  0.0000E+00  0.0000E+00  0.0000E+00
1  cu     0.549311374820E+00 -0.282249119975E+00  0.792431193717E+00  0.172925178474E+00  0.0000E+00  0.0000E+00  0.0000E+00  0.0000E+00
1  cu     0.665260544722E+00  0.796503185725E+00  0.898470359420E+00  0.172895730803E+00  0.0000E+00  0.0000E+00  0.0000E+00  0.0000E+00
1  cu     0.606684389440E+00 -0.186748182456E+00 -0.972428837138E+00  0.172813429902E+00  0.0000E+00  0.0000E+00  0.0000E+00  0.0000E+00
1  cu    -0.678350078867E+00 -0.598471054373E+00  0.899067057573E+00  0.172505944240E+00  0.0000E+00  0.0000E+00  0.0000E+00  0.0000E+00
1  cu    -0.952986018474E-01  0.332593586300E+00 -0.433952030497E+00  0.171969821182E+00  0.0000E+00  0.0000E+00  0.0000E+00  0.0000E+00
1  cu    -0.438241264194E+00  0.805763184435E+00  0.108727459688E+01  0.171373956042E+00  0.0000E+00  0.0000E+00  0.0000E+00  0.0000E+00
1  cu    -0.454452423811E+00 -0.851601186953E+00 -0.476607063877E+00  0.171254221491E+00  0.0000E+00  0.0000E+00  0.0000E+00  0.0000E+00
1  cu     0.496365734390E+00  0.473515233077E+00 -0.301721770937E+00  0.171235620185E+00  0.0000E+00  0.0000E+00  0.0000E+00  0.0000E+00
1  cu    -0.810776371828E+00 -0.744570390307E+00  0.198569219902E+00  0.170852650934E+00  0.0000E+00  0.0000E+00  0.0000E+00  0.0000E+00
1  cu    -0.321960786386E+00 -0.229637080242E+00  0.945764276716E+00  0.170194439575E+00  0.0000E+00  0.0000E+00  0.0000E+00  0.0000E+00
1  cu    -0.934395491756E+00  0.191654170414E+00 -0.107397528418E+01  0.170163636182E+00  0.0000E+00  0.0000E+00  0.0000E+00  0.0000E+00
1  cu     0.325643571791E+00  0.624802575721E+00  0.419801508569E+00  0.170091853856E+00  0.0000E+00  0.0000E+00  0.0000E+00  0.0000E+00
1  cu     0.209916229158E+00 -0.418627033555E+00  0.764548595301E+00  0.169223166033E+00  0.0000E+00  0.0000E+00  0.0000E+00  0.0000E+00
1  cu     0.821265299274E+00 -0.107791314808E+01 -0.779102074772E+00  0.169121235892E+00  0.0000E+00  0.0000E+00  0.0000E+00  0.0000E+00
1  cu    -0.110744082209E+01 -0.112686819048E+01  0.395962242305E+00  0.168731384826E+00  0.0000E+00  0.0000E+00  0.0000E+00  0.0000E+00
1  cu    -0.432700168090E+00  0.140857445810E+00 -0.133739490347E+00  0.168520538353E+00  0.0000E+00  0.0000E+00  0.0000E+00  0.0000E+00
1  cu     0.286973977659E+00  0.308146731139E+00 -0.392995406093E-01  0.168436569773E+00  0.0000E+00  0.0000E+00  0.0000E+00  0.0000E+00
1  cu    -0.415120813109E-01  0.772123394620E+00 -0.655283482259E+00  0.168416639717E+00  0.0000E+00  0.0000E+00  0.0000E+00  0.0000E+00
1  cu    -0.100598665978E+01 -0.166489678307E+00 -0.930669710783E+00  0.168307966735E+00  0.0000E+00  0.0000E+00  0.0000E+00  0.0000E+00
1  cu    -0.829636848311E+00 -0.229622776364E-01 -0.399591731960E+00  0.168223129718E+00  0.0000E+00  0.0000E+00  0.0000E+00  0.0000E+00
1  cu     0.371419090036E+00 -0.554517156425E+00  0.175495718879E-01  0.168185618080E+00  0.0000E+00  0.0000E+00  0.0000E+00  0.0000E+00
1  cu    -0.519378456263E+00  0.792479342269E+00  0.348360492136E-01  0.168155918850E+00  0.0000E+00  0.0000E+00  0.0000E+00  0.0000E+00
1  cu    -0.741535885005E+00  0.352729426275E+00 -0.736609829359E+00  0.167898312273E+00  0.0000E+00  0.0000E+00  0.0000E+00  0.0000E+00
1  cu     0.357194631474E+00  0.393672319999E+00 -0.102559630483E+01  0.167664984969E+00  0.0000E+00  0.0000E+00  0.0000E+00  0.0000E+00
1  cu     0.107355512495E+01  0.728147715185E+00  0.256785980615E+00  0.167548638552E+00  0.0000E+00  0.0000E+00  0.0000E+00  0.0000E+00
1  cu     0.400135116996E+00 -0.118422804706E-02  0.612552755024E-01  0.167331932919E+00  0.0000E+00  0.0000E+00  0.0000E+00  0.0000E+00
1  cu    -0.662155541963E+00 -0.927139963206E+00  0.808535165484E+00  0.167322570695E+00  0.0000E+00  0.0000E+00  0.0000E+00  0.0000E+00
1  cu    -0.790370008880E-01  0.143501603908E+00 -0.734127912086E-01  0.167213325400E+00  0.0000E+00  0.0000E+00  0.0000E+00  0.0000E+00
1  cu    -0.109639416810E+01 -0.169686971580E+00  0.276160041681E+00  0.167147535929E+00  0.0000E+00  0.0000E+00  0.0000E+00  0.0000E+00
1  cu     0.345540388587E+00 -0.859102069898E-01  0.111207339505E+01  0.166843346337E+00  0.0000E+00  0.0000E+00  0.0000E+00  0.0000E+00
1  cu    -0.891270436780E+00  0.974248732055E+00  0.111275492637E+01  0.166811991156E+00  0.0000E+00  0.0000E+00  0.0000E+00  0.0000E+00
1  cu     0.104154722719E+01 -0.669192109232E+00 -0.197369524217E+00  0.166705562269E+00  0.0000E+00  0.0000E+00  0.0000E+00  0.0000E+00
1  cu    -0.166377904878E+00  0.745465145150E+00  0.770907643628E+00  0.166538843030E+00  0.0000E+00  0.0000E+00  0.0000E+00  0.0000E+00
1  cu    -0.705834904565E-01  0.332173406796E-01  0.258489522316E+00  0.166029343026E+00  0.0000E+00  0.0000E+00  0.0000E+00  0.0000E+00
1  cu    -0.114496746126E+01 -0.103721959508E+01 -0.464321157815E+00  0.165707873839E+00  0.0000E+00  0.0000E+00  0.0000E+00  0.0000E+00
1  cu     0.822575627784E+00 -0.678834430393E+00 -0.670775279547E+00  0.165385438876E+00  0.0000E+00  0.0000E+00  0.0000E+00  0.0000E+00
1  cu     0.753150571504E+00 -0.104956399330E+00  0.358407516480E+00  0.164932408926E+00  0.0000E+00  0.0000E+00  0.0000E+00  0.0000E+00
1  cu     0.889799607298E+00 -0.356168041305E+00 -0.345342068188E+00  0.164819418390E+00  0.0000E+00  0.0000E+00  0.0000E+00  0.0000E+00
1  cu     0.199362524651E+00  0.506660327770E-01 -0.240405160454E+00  0.164722600354E+00  0.0000E+00  0.0000E+00  0.0000E+00  0.0000E+00
1  cu    -0.274397466470E+00  0.751057255793E+00  0.454777420762E+00  0.164455826820E+00  0.0000E+00  0.0000E+00  0.0000E+00  0.0000E+00
1  cu     0.339231208405E+00 -0.607164161182E+00 -0.703120217177E+00  0.164361450491E+00  0.0000E+00  0.0000E+00  0.0000E+00  0.0000E+00
1  cu    -0.487774089252E+00 -0.553301405434E+00  0.886661327275E-01  0.164293162433E+00  0.0000E+00  0.0000E+00  0.0000E+00  0.0000E+00
1  cu     0.522262752096E-01  0.141074687501E+00 -0.111734108194E+01  0.163298767728E+00  0.0000E+00  0.0000E+00  0.0000E+00  0.0000E+00
1  cu     0.300985754058E-01 -0.788788532104E+00 -0.231227728168E-01  0.163229016640E+00  0.0000E+00  0.0000E+00  0.0000E+00  0.0000E+00
1  cu     0.476682146905E+00  0.920641622206E+00 -0.179357379397E+00  0.163106930099E+00  0.0000E+00  0.0000E+00  0.0000E+00  0.0000E+00
1  cu    -0.228614496663E+00  0.430230256114E+00 -0.752677689711E+00  0.162418817208E+00  0.0000E+00  0.0000E+00  0.0000E+00  0.0000E+00
1  cu    -0.329817598665E+00  0.102974108708E+01 -0.248270570689E+00  0.162056811223E+00  0.0000E+00  0.0000E+00  0.0000E+00  0.0000E+00
1  cu     0.769789336139E+00  0.343069883153E-01 -0.709858721969E+00  0.161972570560E+00  0.0000E+00  0.0000E+00  0.0000E+00  0.0000E+00
1  cu    -0.107856203321E+00 -0.104912776427E+01 -0.102450723040E+01  0.161609676201E+00  0.0000E+00  0.0000E+00  0.0000E+00  0.0000E+00
1  cu     0.241856489654E+00 -0.998533378232E+00  0.603369017572E+00  0.160320981875E+00  0.0000E+00  0.0000E+00  0.0000E+00  0.0000E+00
1  cu    -0.524507996868E+00 -0.506803684926E-01  0.608371308428E+00  0.160291509576E+00  0.0000E+00  0.0000E+00  0.0000E+00  0.0000E+00
1  cu     0.459279883770E+00  0.106447052454E+01  0.665556314411E+00  0.160028926935E+00  0.0000E+00  0.0000E+00  0.0000E+00  0.0000E+00
1  cu     0.889796168115E+00 -0.463985264331E+00  0.809529089204E+00  0.159749779503E+00  0.0000E+00  0.0000E+00  0.0000E+00  0.0000E+00
1  cu     0.105847141792E+00 -0.253885036018E+00  0.216280436259E+00  0.159640609853E+00  0.0000E+00  0.0000E+00  0.0000E+00  0.0000E+00
1  cu    -0.320420605851E+00 -0.375171243864E+00  0.551019502097E+00  0.159376951196E+00  0.0000E+00  0.0000E+00  0.0000E+00  0.0000E+00
1  cu     0.707835903708E+00 -0.757107356688E+00 -0.162518595035E-01  0.159239599879E+00  0.0000E+00  0.0000E+00  0.0000E+00  0.0000E+00
1  cu    -0.102205967890E+01  0.926514599415E+00 -0.468530717119E+00  0.158780517262E+00  0.0000E+00  0.0000E+00  0.0000E+00  0.0000E+00
1  cu     0.927404175223E-01 -0.505486452003E+00  0.109930944263E+01  0.158293679868E+00  0.0000E+00  0.0000E+00  0.0000E+00  0.0000E+00
1  cu    -0.249776385448E-01  0.860065009144E+00 -0.260023403472E+00  0.157923221728E+00  0.0000E+00  0.0000E+00  0.0000E+00  0.0000E+00
1  cu     0.843850983539E+00 -0.108531082950E+01  0.342798786987E+00  0.157731001776E+00  0.0000E+00  0.0000E+00  0.0000E+00  0.0000E+00
1  cu     0.974400056083E+00 -0.958608482512E+00  0.851318595008E+00  0.157287419075E+00  0.0000E+00  0.0000E+00  0.0000E+00  0.0000E+00
1  cu     0.250176445167E+00 -0.826715262833E+00 -0.270883195216E+00  0.157080357717E+00  0.0000E+00  0.0000E+00  0.0000E+00  0.0000E+00
1  cu     0.654587042025E+00 -0.667801533136E+00  0.646517000437E+00  0.157052788824E+00  0.0000E+00  0.0000E+00  0.0000E+00  0.0000E+00
1  cu    -0.438520984366E+00  0.444006474564E+00 -0.108655352076E+01  0.157021642395E+00  0.0000E+00  0.0000E+00  0.0000E+00  0.0000E+00
1  cu     0.778042227592E+00 -0.451928063901E+00  0.395620616850E+00  0.156694437190E+00  0.0000E+00  0.0000E+00  0.0000E+00  0.0000E+00
1  cu     0.454122829705E+00  0.118204671438E-01 -0.671948613955E+00  0.156523477214E+00  0.0000E+00  0.0000E+00  0.0000E+00  0.0000E+00
1  cu     0.617005949135E+00 -0.100381768205E+01  0.943464610058E+00  0.156385131975E+00  0.0000E+00  0.0000E+00  0.0000E+00  0.0000E+00
1  cu    -0.100318429928E+01 -0.512185406194E+00 -0.480344908039E-01  0.156122303639E+00  0.0000E+00  0.0000E+00  0.0000E+00  0.0000E+00
1  cu     0.294731053647E+00  0.729507911839E+00  0.835724768638E+00  0.155706750730E+00  0.0000E+00  0.0000E+00  0.0000E+00  0.0000E+00
1  cu    -0.497512134324E+00 -0.711543348162E+00 -0.802152048666E+00  0.155697805426E+00  0.0000E+00  0.0000E+00  0.0000E+00  0.0000E+00
1  cu     0.224360222199E+00  0.101177021245E+01 -0.967303308913E+00  0.155674500725E+00  0.0000E+00  0.0000E+00  0.0000E+00  0.0000E+00
1  cu     0.395851615270E+00  0.623994941044E+00 -0.786872334291E+00  0.155192519772E+00  0.0000E+00  0.0000E+00  0.0000E+00  0.0000E+00
1  cu    -0.482082242318E+00  0.537547651292E+00  0.776272195031E+00  0.155029430256E+00  0.0000E+00  0.0000E+00  0.0000E+00  0.0000E+00
1  cu     0.538902689172E+00 -0.861795496893E+00 -0.750549408978E+00  0.154761849856E+00  0.0000E+00  0.0000E+00  0.0000E+00  0.0000E+00
1  cu    -0.771843107039E+00  0.912068313582E+00 -0.268004599516E+00  0.154557988401E+00  0.0000E+00  0.0000E+00  0.0000E+00  0.0000E+00
1  cu    -0.257931807353E+00  0.124408409408E+00  0.610778162938E+00  0.154410883742E+00  0.0000E+00  0.0000E+00  0.0000E+00  0.0000E+00
1  cu     0.666305482986E+00  0.826880337801E+00 -0.892357218426E+00  0.154167812478E+00  0.0000E+00  0.0000E+00  0.0000E+00  0.0000E+00
1  cu    -0.914535932771E+00 -0.465065740813E+00 -0.810413538078E+00  0.153579261905E+00  0.0000E+00  0.0000E+00  0.0000E+00  0.0000E+00
1  cu    -0.512157892735E+00  0.108935931464E+01  0.912534322802E+00  0.153362716355E+00  0.0000E+00  0.0000E+00  0.0000E+00  0.0000E+00
1  cu    -0.477578059719E+00  0.994770906859E+00  0.343820797368E+00  0.152546569219E+00  0.0000E+00  0.0000E+00  0.0000E+00  0.0000E+00
1  cu     0.576023504813E+00 -0.109335106485E+01  0.470657819619E-01  0.152354879946E+00  0.0000E+00  0.0000E+00  0.0000E+00  0.0000E+00
1  cu    -0.644961922564E+00 -0.489779731859E-01  0.108886235278E+01  0.152031096297E+00  0.0000E+00  0.0000E+00  0.0000E+00  0.0000E+00
1  cu    -0.643959400885E+00 -0.770050146594E+00  0.501677551665E+00  0.151936202191E+00  0.0000E+00  0.0000E+00  0.0000E+00  0.0000E+00
1  cu    -0.552159596864E+00  0.850179652424E+00  0.649432280746E+00  0.151927829198E+00  0.0000E+00  0.0000E+00  0.0000E+00  0.0000E+00
1  cu     0.670091449653E+00  0.657576264762E+00  0.477571748762E+00  0.151729793479E+00  0.0000E+00  0.0000E+00  0.0000E+00  0.0000E+00
1  cu    -0.846926191623E+00  0.156261543948E+00 -0.123240812759E+00  0.151487068182E+00  0.0000E+00  0.0000E+00  0.0000E+00  0.0000E+00
1  cu     0.873454319570E+00 -0.295334635954E+00 -0.114229521651E+01  0.151347268122E+00  0.0000E+00  0.0000E+00  0.0000E+00  0.0000E+00
1  cu    -0.113801458077E+01 -0.622824478410E+00 -0.665617079090E+00  0.151283371502E+00  0.0000E+00  0.0000E+00  0.0000E+00  0.0000E+00
1  cu    -0.711260762004E+00  0.113609035241E+01 -0.494399674218E+00  0.151146423618E+00  0.0000E+00  0.0000E+00  0.0000E+00  0.0000E+00
1  cu    -0.144739142177E+00 -0.529028802183E+00  0.782385915016E+00  0.151065269099E+00  0.0000E+00  0.0000E+00  0.0000E+00  0.0000E+00
1  cu     0.857374995279E+00  0.404154948068E+00 -0.438511240015E+00  0.150967924490E+00  0.0000E+00  0.0000E+00  0.0000E+00  0.0000E+00
1  cu    -0.680242202401E+00 -0.759237930209E+00 -0.109979551953E+01  0.150687801900E+00  0.0000E+00  0.0000E+00  0.0000E+00  0.0000E+00
1  cu     0.202562084663E-01 -0.797092438101E+00  0.942432282127E+00  0.150528183783E+00  0.0000E+00  0.0000E+00  0.0000E+00  0.0000E+00
1  cu    -0.628040571772E+00  0.156236896474E+00 -0.963372323388E+00  0.149862813837E+00  0.0000E+00  0.0000E+00  0.0000E+00  0.0000E+00
1  cu    -0.103547077081E+01  0.681790975105E+00  0.532963794300E+00  0.149757367144E+00  0.0000E+00  0.0000E+00  0.0000E+00  0.0000E+00
1  cu     0.599276963665E+00 -0.431359460136E+00 -0.751070445117E+00  0.148987651737E+00  0.0000E+00  0.0000E+00  0.0000E+00  0.0000E+00
1  cu     0.109059340794E+01  0.811242375254E+00  0.843196965679E+00  0.148259859342E+00  0.0000E+00  0.0000E+00  0.0000E+00  0.0000E+00
1  cu     0.705427902804E+00  0.429905826570E+00  0.111185787295E+01  0.148179029680E+00  0.0000E+00  0.0000E+00  0.0000E+00  0.0000E+00
1  cu     0.997251703791E+00 -0.286841001727E+00 -0.577742554673E-01  0.148014674159E+00  0.0000E+00  0.0000E+00  0.0000E+00  0.0000E+00
1  cu    -0.764225317943E+00  0.921052604508E+00 -0.728375280212E+00  0.147453045111E+00  0.0000E+00  0.0000E+00  0.0000E+00  0.0000E+00
1  cu    -0.473472249085E+00  0.477610700114E-01 -0.435232552758E+00  0.147210202537E+00  0.0000E+00  0.0000E+00  0.0000E+00  0.0000E+00
1  cu     0.113898901000E+01  0.260443551138E+00 -0.824023529376E+00  0.146901425068E+00  0.0000E+00  0.0000E+00  0.0000E+00  0.0000E+00
1  cu     0.755003144446E+00  0.100372536548E+00  0.561091121817E-01  0.146838113660E+00  0.0000E+00  0.0000E+00  0.0000E+00  0.0000E+00
1  cu    -0.458219474974E+00 -0.939059596339E+00  0.302488129635E+00  0.146249495067E+00  0.0000E+00  0.0000E+00  0.0000E+00  0.0000E+00
1  cu    -0.407339636794E+00 -0.102099295914E+01  0.113364165451E+01  0.145841800304E+00  0.0000E+00  0.0000E+00  0.0000E+00  0.0000E+00
1  cu     0.184227255940E+00 -0.597982143316E-01 -0.542015155067E+00  0.145695984519E+00  0.0000E+00  0.0000E+00  0.0000E+00  0.0000E+00
1  cu     0.113408989462E+01 -0.856121445120E-01 -0.495724905851E+00  0.145661075844E+00  0.0000E+00  0.0000E+00  0.0000E+00  0.0000E+00
1  cu     0.111191058103E+00 -0.966918693679E+00 -0.783101270747E+00  0.145432344626E+00  0.0000E+00  0.0000E+00  0.0000E+00  0.0000E+00
1  cu     0.760198602713E+00  0.794664369512E+00 -0.129441085497E+00  0.145170924201E+00  0.0000E+00  0.0000E+00  0.0000E+00  0.0000E+00
1  cu     0.372129281209E+00  0.578797179400E-01  0.777729261991E+00  0.145059421911E+00  0.0000E+00  0.0000E+00  0.0000E+00  0.0000E+00
1  cu     0.559125655103E+00  0.156975747501E+00  0.112588687131E+01  0.144989073882E+00  0.0000E+00  0.0000E+00  0.0000E+00  0.0000E+00
1  cu    -0.102016984814E+01  0.104370875336E+01  0.959268200505E-01  0.144879319605E+00  0.0000E+00  0.0000E+00  0.0000E+00  0.0000E+00
1  cu     0.410406235346E+00  0.633590833245E+00 -0.331772226732E-01  0.144619103029E+00  0.0000E+00  0.0000E+00  0.0000E+00  0.0000E+00
1  cu    -0.870698393832E+00 -0.752995240889E+00 -0.479843907748E+00  0.144249919104E+00  0.0000E+00  0.0000E+00  0.0000E+00  0.0000E+00
1  cu    -0.412408418511E+00  0.232175764288E+00  0.195269897551E+00  0.143621404631E+00  0.0000E+00  0.0000E+00  0.0000E+00  0.0000E+00
1  cu    -0.497074211761E+00  0.690994800508E+00 -0.898950704359E+00  0.143008144378E+00  0.0000E+00  0.0000E+00  0.0000E+00  0.0000E+00
1  cu    -0.810221517057E+00  0.579290128883E-01  0.643178127487E+00  0.142750117363E+00  0.0000E+00  0.0000E+00  0.0000E+00  0.0000E+00
1  cu    -0.149834004303E-02  0.592276507817E+00  0.538480816127E+00  0.142704029257E+00  0.0000E+00  0.0000E+00  0.0000E+00  0.0000E+00
1  cu    -0.137351205104E+00 -0.297334520541E+00 -0.108795040202E+01  0.142512810850E+00  0.0000E+00  0.0000E+00  0.0000E+00  0.0000E+00
1  cu     0.378455084106E+00 -0.399622111404E+00  0.112051142916E+01  0.142285708610E+00  0.0000E+00  0.0000E+00  0.0000E+00  0.0000E+00
1  cu     0.390028506206E+00  0.682399710400E+00  0.113255716565E+01  0.142238384405E+00  0.0000E+00  0.0000E+00  0.0000E+00  0.0000E+00
1  cu     0.942944720313E+00  0.914678653052E+00 -0.824922302388E+00  0.141969126943E+00  0.0000E+00  0.0000E+00  0.0000E+00  0.0000E+00
1  cu    -0.101891053418E+01 -0.492108605518E+00  0.268129550689E+00  0.141468896514E+00  0.0000E+00  0.0000E+00  0.0000E+00  0.0000E+00
1  cu     0.834386926665E+00  0.110310859283E+01 -0.453085921989E+00  0.141253555399E+00  0.0000E+00  0.0000E+00  0.0000E+00  0.0000E+00
1  cu    -0.950016831588E+00  0.723139666309E-01 -0.706546789278E+00  0.141082673999E+00  0.0000E+00  0.0000E+00  0.0000E+00  0.0000E+00
1  cu    -0.261274718732E-01 -0.273127834954E+00 -0.592300587884E+00  0.140771726906E+00  0.0000E+00  0.0000E+00  0.0000E+00  0.0000E+00
1  cu    -0.116762539440E+00 -0.700656042960E+00 -0.296867938124E+00  0.140611093171E+00  0.0000E+00  0.0000E+00  0.0000E+00  0.0000E+00
1  cu    -0.933607918982E+00 -0.628328316705E+00  0.111063925597E+01  0.140464526227E+00  0.0000E+00  0.0000E+00  0.0000E+00  0.0000E+00
1  cu     0.981681378503E+00  0.365099592307E+00 -0.109360845638E+00  0.140327110994E+00  0.0000E+00  0.0000E+00  0.0000E+00  0.0000E+00
1  cu    -0.192716883576E+00  0.900267332246E+00 -0.280866855178E-02  0.140171254538E+00  0.0000E+00  0.0000E+00  0.0000E+00  0.0000E+00
1  cu     0.105439572624E-01 -0.381817463925E+00  0.522836548415E+00  0.139839796282E+00  0.0000E+00  0.0000E+00  0.0000E+00  0.0000E+00
1  cu    -0.100299227826E+01  0.482430167153E+00  0.104450779007E+01  0.139790530556E+00  0.0000E+00  0.0000E+00  0.0000E+00  0.0000E+00
1  cu    -0.608511174305E+00  0.646401787825E+00 -0.251518305304E+00  0.139136847849E+00  0.0000E+00  0.0000E+00  0.0000E+00  0.0000E+00
1  cu    -0.343219519427E+00  0.287731744190E+00  0.935689764961E+00  0.139013847721E+00  0.0000E+00  0.0000E+00  0.0000E+00  0.0000E+00
1  cu    -0.237452622331E+00 -0.926297936711E+00  0.845059856165E+00  0.138787830880E+00  0.0000E+00  0.0000E+00  0.0000E+00  0.0000E+00
1  cu    -0.114321003904E+01 -0.964284279931E+00  0.113698222100E+00  0.138785027959E+00  0.0000E+00  0.0000E+00  0.0000E+00  0.0000E+00
1  cu     0.514146307592E+00  0.112626862056E+01 -0.837147449562E+00  0.138207594074E+00  0.0000E+00  0.0000E+00  0.0000E+00  0.0000E+00
1  cu     0.156211675803E+00 -0.283558875287E+00 -0.991630965132E-01  0.138204046444E+00  0.0000E+00  0.0000E+00  0.0000E+00  0.0000E+00
1  cu    -0.195331235426E+00 -0.428927384955E+00  0.263419017144E+00  0.138133912446E+00  0.0000E+00  0.0000E+00  0.0000E+00  0.0000E+00
1  cu    -0.997663265077E+00 -0.974071619950E+00  0.771398300324E+00  0.137977839028E+00  0.0000E+00  0.0000E+00  0.0000E+00  0.0000E+00
1  cu     0.116452434036E+00  0.516876445251E+00 -0.287844669801E+00  0.137777683527E+00  0.0000E+00  0.0000E+00  0.0000E+00  0.0000E+00
1  cu     0.100920630194E+01  0.516202938690E+00 -0.676778372491E+00  0.137721931795E+00  0.0000E+00  0.0000E+00  0.0000E+00  0.0000E+00
1  cu     0.310832732623E+00  0.900011113156E+00  0.237169457188E+00  0.137627044725E+00  0.0000E+00  0.0000E+00  0.0000E+00  0.0000E+00
1  cu     0.707234619977E+00 -0.239484605955E+00 -0.560010103975E+00  0.137570348327E+00  0.0000E+00  0.0000E+00  0.0000E+00  0.0000E+00
1  cu    -0.521851228436E+00  0.111770505629E+01  0.261948167967E-03  0.137398063707E+00  0.0000E+00  0.0000E+00  0.0000E+00  0.0000E+00
1  cu     0.790611866210E+00  0.300285333284E+00  0.871641870424E+00  0.137166066911E+00  0.0000E+00  0.0000E+00  0.0000E+00  0.0000E+00
1  cu    -0.112992619687E+01  0.110913117447E+01  0.896508879042E+00  0.137061302185E+00  0.0000E+00  0.0000E+00  0.0000E+00  0.0000E+00
1  cu    -0.897607130420E+00 -0.928719121146E+00  0.508091626910E+00  0.136974191753E+00  0.0000E+00  0.0000E+00  0.0000E+00  0.0000E+00
1  cu    -0.961457845161E+00  0.399170999519E+00  0.736208559570E-01  0.136908026996E+00  0.0000E+00  0.0000E+00  0.0000E+00  0.0000E+00
1  cu     0.506971599830E+00  0.292099505885E+00 -0.577724759515E+00  0.136793604508E+00  0.0000E+00  0.0000E+00  0.0000E+00  0.0000E+00
1  cu    -0.449715523200E+00  0.538726144474E+00  0.224811328295E+00  0.136594267600E+00  0.0000E+00  0.0000E+00  0.0000E+00  0.0000E+00
1  cu    -0.603587411448E+00 -0.305830447556E+00  0.788355189334E+00  0.136573567035E+00  0.0000E+00  0.0000E+00  0.0000E+00  0.0000E+00
1  cu    -0.277522536912E+00 -0.911814393069E+00 -0.779263716345E+00  0.136203834840E+00  0.0000E+00  0.0000E+00  0.0000E+00  0.0000E+00
1  cu     0.105178338052E+01 -0.128310167672E+00  0.975055220338E+00  0.135001641691E+00  0.0000E+00  0.0000E+00  0.0000E+00  0.0000E+00
1  cu    -0.408674612778E+00 -0.244442187438E+00 -0.477616489972E-01  0.134962400217E+00  0.0000E+00  0.0000E+00  0.0000E+00  0.0000E+00
1  cu     0.940524656220E-01 -0.478276213754E+00 -0.896267568862E+00  0.134923377465E+00  0.0000E+00  0.0000E+00  0.0000E+00  0.0000E+00
1  cu     0.355203918039E+00 -0.856953701220E+00  0.679668400298E-01  0.134581638706E+00  0.0000E+00  0.0000E+00  0.0000E+00  0.0000E+00
1  cu     0.864754907591E+00 -0.787245485585E+00  0.450842996054E+00  0.134510667937E+00  0.0000E+00  0.0000E+00  0.0000E+00  0.0000E+00
1  cu    -0.600123008335E+00 -0.804124419792E+00 -0.117907787192E+00  0.134343500699E+00  0.0000E+00  0.0000E+00  0.0000E+00  0.0000E+00
1  cu    -0.199163631056E+00  0.662774015818E+00 -0.418568567454E+00  0.134144057656E+00  0.0000E+00  0.0000E+00  0.0000E+00  0.0000E+00
1  cu    -0.138322200945E+00  0.367318438176E+00 -0.114402569847E+01  0.133537676286E+00  0.0000E+00  0.0000E+00  0.0000E+00  0.0000E+00
1  cu    -0.995784898271E+00 -0.163116986729E+00 -0.190083043026E+00  0.133419202464E+00  0.0000E+00  0.0000E+00  0.0000E+00  0.0000E+00
1  cu    -0.952969369707E+00  0.172956455846E-01  0.964496930253E+00  0.133413245378E+00  0.0000E+00  0.0000E+00  0.0000E+00  0.0000E+00
1  cu     0.739549751356E+00 -0.960475958577E+00  0.667543588660E+00  0.133270507529E+00  0.0000E+00  0.0000E+00  0.0000E+00  0.0000E+00
1  cu     0.109661369679E+01 -0.379653071777E+00  0.469135434243E+00  0.132995998989E+00  0.0000E+00  0.0000E+00  0.0000E+00  0.0000E+00
1  cu     0.337433089187E+00 -0.665188327680E+00  0.571694720518E+00  0.132850900353E+00  0.0000E+00  0.0000E+00  0.0000E+00  0.0000E+00
1  cu     0.644286690623E+00 -0.581055607706E+00 -0.256004718794E+00  0.132802427419E+00  0.0000E+00  0.0000E+00  0.0000E+00  0.0000E+00
1  cu     0.112097801158E+01 -0.732101634382E+00  0.957857588558E+00  0.132646361037E+00  0.0000E+00  0.0000E+00  0.0000E+00  0.0000E+00
1  cu     0.566696442042E+00  0.104431519586E+01 -0.446487850482E+00  0.132609354277E+00  0.0000E+00  0.0000E+00  0.0000E+00  0.0000E+00
1  cu     0.271109029074E+00 -0.173493000144E+00  0.597285103838E+00  0.132487678792E+00  0.0000E+00  0.0000E+00  0.0000E+00  0.0000E+00
1  cu     0.535280083672E+00 -0.731003988035E-01  0.561367428855E+00  0.132310096183E+00  0.0000E+00  0.0000E+00  0.0000E+00  0.0000E+00
1  cu     0.100572069054E+01  0.913770135693E+00 -0.344984966412E+00  0.132102074913E+00  0.0000E+00  0.0000E+00  0.0000E+00  0.0000E+00
1  cu     0.729697040821E-01 -0.205832778999E+00  0.105038936524E+01  0.132083804914E+00  0.0000E+00  0.0000E+00  0.0000E+00  0.0000E+00
1  cu     0.637830198792E+00 -0.985586575950E+00 -0.100876322640E+01  0.131080065577E+00  0.0000E+00  0.0000E+00  0.0000E+00  0.0000E+00
1  cu    -0.854007468266E+00 -0.141642731589E+00  0.460038223498E+00  0.131038399987E+00  0.0000E+00  0.0000E+00  0.0000E+00  0.0000E+00
1  cu     0.104454447469E+01 -0.874290619886E+00 -0.754806543640E+00  0.130952750827E+00  0.0000E+00  0.0000E+00  0.0000E+00  0.0000E+00
1  cu    -0.627735057736E+00 -0.446367479097E+00 -0.742227733872E+00  0.130644090049E+00  0.0000E+00  0.0000E+00  0.0000E+00  0.0000E+00
1  cu    -0.158252263172E+00 -0.171302814128E+00  0.477547648436E-01  0.129984904119E+00  0.0000E+00  0.0000E+00  0.0000E+00  0.0000E+00
1  cu    -0.268731986601E+00  0.544224250798E+00  0.978262257961E+00  0.129955787755E+00  0.0000E+00  0.0000E+00  0.0000E+00  0.0000E+00
1  cu     0.143390950823E-01 -0.426766431991E+00 -0.368315806872E+00  0.129721354530E+00  0.0000E+00  0.0000E+00  0.0000E+00  0.0000E+00
1  cu     0.596686686094E+00 -0.601936030678E+00  0.218033846105E+00  0.129224315794E+00  0.0000E+00  0.0000E+00  0.0000E+00  0.0000E+00
1  cu    -0.102496349527E+01 -0.353662883441E-02  0.326200693296E-01  0.129125191506E+00  0.0000E+00  0.0000E+00  0.0000E+00  0.0000E+00
1  cu     0.100763172958E+01  0.165040057120E+00  0.595314452303E+00  0.128601260566E+00  0.0000E+00  0.0000E+00  0.0000E+00  0.0000E+00
1  cu    -0.984331274359E+00  0.329662829666E+00  0.492889867339E+00  0.128353616671E+00  0.0000E+00  0.0000E+00  0.0000E+00  0.0000E+00
1  cu     0.117637805582E+00  0.397844048296E+00  0.105308052550E+01  0.128256869001E+00  0.0000E+00  0.0000E+00  0.0000E+00  0.0000E+00
1  cu    -0.141866304497E-01  0.103100555982E+01 -0.806250980933E+00  0.127969039552E+00  0.0000E+00  0.0000E+00  0.0000E+00  0.0000E+00
1  cu     0.316673037599E+00 -0.863891678591E+00 -0.551907390152E+00  0.127903020218E+00  0.0000E+00  0.0000E+00  0.0000E+00  0.0000E+00
1  cu    -0.105029593991E+01  0.984724481764E+00 -0.176383632983E+00  0.127453911424E+00  0.0000E+00  0.0000E+00  0.0000E+00  0.0000E+00
1  cu    -0.223606473837E+00 -0.679048232904E+00  0.119619347864E+00  0.127393282728E+00  0.0000E+00  0.0000E+00  0.0000E+00  0.0000E+00
1  cu    -0.108222530966E+01 -0.821398859981E+00  0.343024626634E+00  0.127292824414E+00  0.0000E+00  0.0000E+00  0.0000E+00  0.0000E+00
1  cu     0.104436964958E+01  0.381654670167E+00  0.989385147163E+00  0.127162135604E+00  0.0000E+00  0.0000E+00  0.0000E+00  0.0000E+00
1  cu     0.541909681017E+00  0.231781404703E+00  0.176372736450E+00  0.127068753785E+00  0.0000E+00  0.0000E+00  0.0000E+00  0.0000E+00
1  cu     0.236900054564E+00 -0.109307306426E+01  0.328784691750E+00  0.126679504350E+00  0.0000E+00  0.0000E+00  0.0000E+00  0.0000E+00
1  cu     0.233824852267E+00  0.305796049943E+00 -0.404317168629E+00  0.126192059460E+00  0.0000E+00  0.0000E+00  0.0000E+00  0.0000E+00
1  cu    -0.218244814466E-01 -0.907149715288E+00  0.691345023918E+00  0.126081630254E+00  0.0000E+00  0.0000E+00  0.0000E+00  0.0000E+00
1  cu     0.210793220679E+00  0.472610154899E+00  0.663581650496E+00  0.125662812940E+00  0.0000E+00  0.0000E+00  0.0000E+00  0.0000E+00
1  cu    -0.993382056142E+00  0.480268067793E+00 -0.933191204708E+00  0.125511257032E+00  0.0000E+00  0.0000E+00  0.0000E+00  0.0000E+00
1  cu    -0.764687314783E+00  0.972892547782E+00  0.308368532357E-01  0.124952439113E+00  0.0000E+00  0.0000E+00  0.0000E+00  0.0000E+00
1  cu     0.406121587226E+00 -0.108927276767E+01 -0.286773937669E+00  0.124903321155E+00  0.0000E+00  0.0000E+00  0.0000E+00  0.0000E+00
1  cu     0.320009617761E+00  0.108276924184E+00 -0.954454523326E+00  0.124849753708E+00  0.0000E+00  0.0000E+00  0.0000E+00  0.0000E+00
1  cu    -0.605720277753E+00 -0.106591899932E+01  0.527693247214E+00  0.124775743118E+00  0.0000E+00  0.0000E+00  0.0000E+00  0.0000E+00
1  cu    -0.961773676747E+00 -0.225310015538E+00 -0.646592668239E+00  0.124478170295E+00  0.0000E+00  0.0000E+00  0.0000E+00  0.0000E+00
1  cu    -0.567066159943E+00  0.727775710285E+00  0.388699835391E+00  0.124235770442E+00  0.0000E+00  0.0000E+00  0.0000E+00  0.0000E+00
1  cu    -0.581369146505E+00 -0.117265806471E+00 -0.244173358011E+00  0.124148624241E+00  0.0000E+00  0.0000E+00  0.0000E+00  0.0000E+00
1  cu    -0.816289954470E+00  0.587991859699E+00 -0.415994339399E+00  0.124053358953E+00  0.0000E+00  0.0000E+00  0.0000E+00  0.0000E+00
1  cu     0.476156525189E+00  0.898799947741E+00 -0.681052129868E+00  0.123909103539E+00  0.0000E+00  0.0000E+00  0.0000E+00  0.0000E+00
1  cu    -0.305164418607E-01 -0.774771570885E+00 -0.942384712561E+00  0.123614545321E+00  0.0000E+00  0.0000E+00  0.0000E+00  0.0000E+00
1  cu    -0.520905453265E+00 -0.105049541249E+01 -0.260629845975E+00  0.123270573022E+00  0.0000E+00  0.0000E+00  0.0000E+00  0.0000E+00
1  cu    -0.102435418678E+01  0.802036830265E+00 -0.934342757626E+00  0.123261541519E+00  0.0000E+00  0.0000E+00  0.0000E+00  0.0000E+00
1  cu     0.511953255591E+00  0.462740274500E+00  0.605778738067E+00  0.123191990388E+00  0.0000E+00  0.0000E+00  0.0000E+00  0.0000E+00
1  cu     0.882006419896E+00 -0.236209931077E+00  0.615049627526E+00  0.123078176568E+00  0.0000E+00  0.0000E+00  0.0000E+00  0.0000E+00
1  cu     0.792102178599E+00 -0.734039040488E+00  0.887914935322E+00  0.122748370745E+00  0.0000E+00  0.0000E+00  0.0000E+00  0.0000E+00
1  cu    -0.212453778389E+00  0.994569714688E+00 -0.112799738872E+01  0.122691265637E+00  0.0000E+00  0.0000E+00  0.0000E+00  0.0000E+00
1  cu    -0.780959806483E+00  0.776246974364E+00  0.503144936171E+00  0.122632173269E+00  0.0000E+00  0.0000E+00  0.0000E+00  0.0000E+00
1  cu     0.379722996032E+00 -0.368207472625E+00 -0.905524128389E+00  0.121451465855E+00  0.0000E+00  0.0000E+00  0.0000E+00  0.0000E+00
1  cu     0.148809408803E+00 -0.569321117228E+00 -0.172993172296E+00  0.121314404799E+00  0.0000E+00  0.0000E+00  0.0000E+00  0.0000E+00
1  cu     0.936622356599E+00 -0.918852132780E-01  0.132877396161E+00  0.120986453126E+00  0.0000E+00  0.0000E+00  0.0000E+00  0.0000E+00
1  cu    -0.665644592546E+00 -0.948384939518E+00 -0.668493381997E+00  0.120832104852E+00  0.0000E+00  0.0000E+00  0.0000E+00  0.0000E+00
1  cu    -0.463786364947E+00 -0.172182671635E+00 -0.102473478964E+01  0.120768880816E+00  0.0000E+00  0.0000E+00  0.0000E+00  0.0000E+00
1  cu     0.129822255762E+00  0.110333443247E+01 -0.325928456525E+00  0.120315544186E+00  0.0000E+00  0.0000E+00  0.0000E+00  0.0000E+00
1  cu    -0.238170838263E+00 -0.408580608457E+00 -0.469277592906E+00  0.119600331510E+00  0.0000E+00  0.0000E+00  0.0000E+00  0.0000E+00
1  cu    -0.739964751826E+00 -0.595929498550E+00 -0.428963522421E-01  0.119413996518E+00  0.0000E+00  0.0000E+00  0.0000E+00  0.0000E+00
1  cu     0.981067484438E+00 -0.796350721090E+00 -0.455585634424E+00  0.119179998389E+00  0.0000E+00  0.0000E+00  0.0000E+00  0.0000E+00
1  cu    -0.475247440420E+00  0.237280084223E+00 -0.669286686750E+00  0.118943239560E+00  0.0000E+00  0.0000E+00  0.0000E+00  0.0000E+00
1  cu    -0.710919162600E-01 -0.109530738646E+01 -0.181096459316E+00  0.118830371579E+00  0.0000E+00  0.0000E+00  0.0000E+00  0.0000E+00
1  cu    -0.980852541320E+00 -0.413847143163E+00  0.680881311351E+00  0.118798646389E+00  0.0000E+00  0.0000E+00  0.0000E+00  0.0000E+00
1  cu     0.583351829391E+00  0.576592689507E+00 -0.990702359822E+00  0.118334759519E+00  0.0000E+00  0.0000E+00  0.0000E+00  0.0000E+00
1  cu     0.855986711966E+00  0.868549472217E+00  0.105114022736E+00  0.118151351761E+00  0.0000E+00  0.0000E+00  0.0000E+00  0.0000E+00
1  cu     0.517035794037E+00 -0.649759034916E-01 -0.202978257576E+00  0.117190067875E+00  0.0000E+00  0.0000E+00  0.0000E+00  0.0000E+00
1  cu    -0.417120098450E+00  0.479553838191E-01  0.876087586924E+00  0.116651480826E+00  0.0000E+00  0.0000E+00  0.0000E+00  0.0000E+00
1  cu     0.152186112760E+00 -0.626194304000E+00 -0.435529468842E+00  0.116144646529E+00  0.0000E+00  0.0000E+00  0.0000E+00  0.0000E+00
1  cu     0.501253385831E+00  0.771921629252E+00  0.656629343193E+00  0.115954667740E+00  0.0000E+00  0.0000E+00  0.0000E+00  0.0000E+00
1  cu     0.101304500274E+01 -0.963999974181E+00  0.579102146292E+00  0.115893382879E+00  0.0000E+00  0.0000E+00  0.0000E+00  0.0000E+00
1  cu     0.569882844571E+00  0.281634073727E+00 -0.992880534751E-01  0.115603472350E+00  0.0000E+00  0.0000E+00  0.0000E+00  0.0000E+00
1  cu     0.122132817028E+00  0.535938687108E+00 -0.584148579111E+00  0.114975556575E+00  0.0000E+00  0.0000E+00  0.0000E+00  0.0000E+00
1  cu     0.681719898669E+00  0.519716063550E+00  0.797396799961E+00  0.114905333447E+00  0.0000E+00  0.0000E+00  0.0000E+00  0.0000E+00
1  cu     0.681032609332E-01  0.266195010568E+00  0.143570960753E+00  0.114411755556E+00  0.0000E+00  0.0000E+00  0.0000E+00  0.0000E+00
1  cu    -0.143031588097E+00 -0.173562356990E+00  0.433682048887E+00  0.114177662434E+00  0.0000E+00  0.0000E+00  0.0000E+00  0.0000E+00
1  cu    -0.107109668849E+01  0.301000683231E+00 -0.198159389784E+00  0.113595023795E+00  0.0000E+00  0.0000E+00  0.0000E+00  0.0000E+00
1  cu    -0.941272710241E+00 -0.700610187192E+00  0.845529304569E+00  0.112943682524E+00  0.0000E+00  0.0000E+00  0.0000E+00  0.0000E+00
1  cu     0.382700754825E+00  0.114150993073E+01  0.919718774916E+00  0.112776761568E+00  0.0000E+00  0.0000E+00  0.0000E+00  0.0000E+00
1  cu    -0.511055634764E+00 -0.559662173352E+00  0.380736981653E+00  0.112501595105E+00  0.0000E+00  0.0000E+00  0.0000E+00  0.0000E+00
1  cu     0.103674899449E+01  0.103309486316E+01 -0.619721762652E+00  0.111151690388E+00  0.0000E+00  0.0000E+00  0.0000E+00  0.0000E+00
1  cu     0.667552186619E+00 -0.103646070821E+00  0.105336769723E+01  0.111034248604E+00  0.0000E+00  0.0000E+00  0.0000E+00  0.0000E+00
1  cu    -0.959126079468E+00 -0.720816530409E+00 -0.215282505944E+00  0.110831529427E+00  0.0000E+00  0.0000E+00  0.0000E+00  0.0000E+00
1  cu     0.983306392205E+00 -0.354454755254E+00  0.241861075230E+00  0.110706763107E+00  0.0000E+00  0.0000E+00  0.0000E+00  0.0000E+00
1  cu    -0.342097772756E+00 -0.660532821049E+00 -0.130491755732E+00  0.110428181536E+00  0.0000E+00  0.0000E+00  0.0000E+00  0.0000E+00
1  cu    -0.290811563900E-01 -0.105382052871E+01  0.485202148197E+00  0.110059401631E+00  0.0000E+00  0.0000E+00  0.0000E+00  0.0000E+00
1  cu    -0.720508150387E+00 -0.893516822159E-01  0.838536300279E+00  0.109601382130E+00  0.0000E+00  0.0000E+00  0.0000E+00  0.0000E+00
1  cu    -0.280060653551E+00 -0.564991186539E+00 -0.890315490456E+00  0.109225295867E+00  0.0000E+00  0.0000E+00  0.0000E+00  0.0000E+00
1  cu    -0.730204925269E+00 -0.109588172992E+01  0.104231416488E+01  0.108780102366E+00  0.0000E+00  0.0000E+00  0.0000E+00  0.0000E+00
1  cu     0.798708848057E+00  0.562163026393E+00 -0.234575173025E+00  0.108427619860E+00  0.0000E+00  0.0000E+00  0.0000E+00  0.0000E+00
1  cu     0.916908936813E-01 -0.528159835420E+00  0.108519386546E+00  0.107256580177E+00  0.0000E+00  0.0000E+00  0.0000E+00  0.0000E+00
1  cu     0.105622107226E+01 -0.459095893299E+00  0.102406528966E+01  0.107120568750E+00  0.0000E+00  0.0000E+00  0.0000E+00  0.0000E+00
1  cu     0.109862275254E+01  0.893029572806E+00  0.479087281823E+00  0.106876005136E+00  0.0000E+00  0.0000E+00  0.0000E+00  0.0000E+00
1  cu     0.700211783389E-01  0.592591193010E+00  0.893003205744E+00  0.106673040264E+00  0.0000E+00  0.0000E+00  0.0000E+00  0.0000E+00
1  cu    -0.454795768857E+00 -0.507146430726E+00  0.755171091189E+00  0.106137416806E+00  0.0000E+00  0.0000E+00  0.0000E+00  0.0000E+00
1  cu    -0.355845331352E+00  0.461620820616E+00 -0.502848599074E+00  0.105905000158E+00  0.0000E+00  0.0000E+00  0.0000E+00  0.0000E+00
1  cu    -0.423011417965E+00  0.109652886363E+01 -0.532693251070E+00  0.105658730750E+00  0.0000E+00  0.0000E+00  0.0000E+00  0.0000E+00
1  cu    -0.887353207984E+00  0.388569719655E+00 -0.314017994546E+00  0.105422238140E+00  0.0000E+00  0.0000E+00  0.0000E+00  0.0000E+00
1  cu     0.108374083693E+01  0.109205477393E-01 -0.842939032784E+00  0.105196112817E+00  0.0000E+00  0.0000E+00  0.0000E+00  0.0000E+00
1  cu     0.651679187222E-01 -0.855038102652E-01  0.107652113325E-01  0.104766963984E+00  0.0000E+00  0.0000E+00  0.0000E+00  0.0000E+00
1  cu     0.822689120805E+00 -0.435834982882E+00 -0.896569643715E+00  0.104600786565E+00  0.0000E+00  0.0000E+00  0.0000E+00  0.0000E+00
1  cu    -0.109241047449E+00 -0.539504577937E-01  0.106966483641E+01  0.104272109534E+00  0.0000E+00  0.0000E+00  0.0000E+00  0.0000E+00
1  cu    -0.113423033369E+01 -0.380213658515E+00 -0.107892999969E+01  0.103639243497E+00  0.0000E+00  0.0000E+00  0.0000E+00  0.0000E+00
1  cu     0.242626293322E+00  0.851306557866E+00 -0.757234033239E+00  0.103380470600E+00  0.0000E+00  0.0000E+00  0.0000E+00  0.0000E+00
1  cu     0.376127330793E+00 -0.272862444709E+00  0.950882327330E-01  0.103200014118E+00  0.0000E+00  0.0000E+00  0.0000E+00  0.0000E+00
1  cu     0.506931476035E+00 -0.884834006848E+00 -0.128770444922E+00  0.102935399067E+00  0.0000E+00  0.0000E+00  0.0000E+00  0.0000E+00
1  cu    -0.496144486108E+00 -0.109441205263E+01 -0.699467805430E+00  0.102688642959E+00  0.0000E+00  0.0000E+00  0.0000E+00  0.0000E+00
1  cu     0.567749978262E+00 -0.630242794926E+00 -0.559020765827E+00  0.101826954229E+00  0.0000E+00  0.0000E+00  0.0000E+00  0.0000E+00
1  cu     0.258072234847E+00  0.896414301524E+00  0.107209060642E+01  0.101168553468E+00  0.0000E+00  0.0000E+00  0.0000E+00  0.0000E+00
1  cu     0.512384872987E+00  0.410808046494E+00  0.337648611286E+00  0.100435466016E+00  0.0000E+00  0.0000E+00  0.0000E+00  0.0000E+00
1  cu    -0.356870780916E+00  0.359744212054E+00  0.616802464175E+00  0.100026199741E+00  0.0000E+00  0.0000E+00  0.0000E+00  0.0000E+00
1  cu     0.889758337114E+00 -0.841248101421E+00  0.107496920212E+01  0.998611000977E-01  0.0000E+00  0.0000E+00  0.0000E+00  0.0000E+00
1  cu    -0.676965234737E+00 -0.645421053423E+00 -0.628124831745E+00  0.993939845917E-01  0.0000E+00  0.0000E+00  0.0000E+00  0.0000E+00
1  cu     0.402321863829E+00  0.661916486950E-01 -0.413948025848E+00  0.991906379830E-01  0.0000E+00  0.0000E+00  0.0000E+00  0.0000E+00
1  cu    -0.371362948561E-01  0.211599135764E+00 -0.878257143629E+00  0.988753258396E-01  0.0000E+00  0.0000E+00  0.0000E+00  0.0000E+00
1  cu     0.100819630265E+00 -0.677036884370E+00  0.714922339121E+00  0.987161275751E-01  0.0000E+00  0.0000E+00  0.0000E+00  0.0000E+00
1  cu    -0.911979473825E+00  0.958752349188E+00  0.385382170733E+00  0.971504818292E-01  0.0000E+00  0.0000E+00  0.0000E+00  0.0000E+00
1  cu     0.100047307134E+01  0.128881639365E+00  0.901440093457E+00  0.969198008812E-01  0.0000E+00  0.0000E+00  0.0000E+00  0.0000E+00
1  cu     0.929914231250E+00  0.144601569091E+00 -0.493715850110E+00  0.965267792314E-01  0.0000E+00  0.0000E+00  0.0000E+00  0.0000E+00
1  cu    -0.101582845352E+01  0.459983769776E+00  0.303667196014E+00  0.962676697497E-01  0.0000E+00  0.0000E+00  0.0000E+00  0.0000E+00
1  cu    -0.100929343368E+01  0.667516622348E-01  0.449104489331E+00  0.957399554532E-01  0.0000E+00  0.0000E+00  0.0000E+00  0.0000E+00
1  cu     0.905649652758E+00  0.915958028922E+00  0.988444530764E+00  0.956533657316E-01  0.0000E+00  0.0000E+00  0.0000E+00  0.0000E+00
1  cu     0.975349270435E+00 -0.573258981119E+00 -0.472195166006E+00  0.920215834556E-01  0.0000E+00  0.0000E+00  0.0000E+00  0.0000E+00
1  cu    -0.319768307582E+00 -0.631459119117E+00  0.326603103691E+00  0.901094504048E-01  0.0000E+00  0.0000E+00  0.0000E+00  0.0000E+00
1  cu     0.153508478407E+00  0.856814955691E-01  0.867378977742E-01  0.897197635267E-01  0.0000E+00  0.0000E+00  0.0000E+00  0.0000E+00
1  cu     0.802097015959E+00 -0.166593426977E+00 -0.186431777671E+00  0.882419236650E-01  0.0000E+00  0.0000E+00  0.0000E+00  0.0000E+00
1  cu     0.906715226118E+00  0.764596743852E+00  0.460575882352E+00  0.880870353307E-01  0.0000E+00  0.0000E+00  0.0000E+00  0.0000E+00
1  cu     0.100000648892E+01  0.610914010646E+00 -0.454761950230E+00  0.875503382016E-01  0.0000E+00  0.0000E+00  0.0000E+00  0.0000E+00
1  cu    -0.474575080253E+00  0.500219911508E+00 -0.769036160976E+00  0.868651953507E-01  0.0000E+00  0.0000E+00  0.0000E+00  0.0000E+00
1  cu    -0.690905387553E+00 -0.875137805162E+00 -0.344412342536E+00  0.857505442128E-01  0.0000E+00  0.0000E+00  0.0000E+00  0.0000E+00
1  cu     0.333115195637E+00 -0.220778319479E+00 -0.679894844977E+00  0.852348431869E-01  0.0000E+00  0.0000E+00  0.0000E+00  0.0000E+00
1  cu    -0.653952518653E+00  0.904490648282E+00 -0.999745116844E+00  0.826757808264E-01  0.0000E+00  0.0000E+00  0.0000E+00  0.0000E+00
1  cu     0.148983087516E+00 -0.485306475853E+00 -0.581280874155E+00  0.824952938526E-01  0.0000E+00  0.0000E+00  0.0000E+00  0.0000E+00
1  cu    -0.280012504997E+00  0.687749358681E+00  0.162915215571E+00  0.821477879970E-01  0.0000E+00  0.0000E+00  0.0000E+00  0.0000E+00
1  cu    -0.939887292914E+00 -0.693551838439E+00  0.451943534434E+00  0.818069288159E-01  0.0000E+00  0.0000E+00  0.0000E+00  0.0000E+00
1  cu    -0.247323649124E+00 -0.844519337113E+00  0.262705386788E+00  0.812206610399E-01  0.0000E+00  0.0000E+00  0.0000E+00  0.0000E+00
1  cu     0.937055693587E+00  0.971000424241E+00  0.382204939357E+00  0.811225435745E-01  0.0000E+00  0.0000E+00  0.0000E+00  0.0000E+00
1  cu    -0.833084055507E+00  0.771417789025E+00 -0.637538473325E-01  0.809624434499E-01  0.0000E+00  0.0000E+00  0.0000E+00  0.0000E+00
1  cu     0.588456722525E+00  0.143947551231E+00 -0.921624660972E+00  0.798412335952E-01  0.0000E+00  0.0000E+00  0.0000E+00  0.0000E+00
1  cu    -0.774538279679E+00  0.619740099171E+00 -0.812632983191E-01  0.794338466844E-01  0.0000E+00  0.0000E+00  0.0000E+00  0.0000E+00
1  cu     0.659577582394E-02  0.659348564059E-01 -0.472891600450E+00  0.791257851921E-01  0.0000E+00  0.0000E+00  0.0000E+00  0.0000E+00
1  cu    -0.847522316578E+00 -0.235811559111E+00  0.682862853634E+00  0.782020827237E-01  0.0000E+00  0.0000E+00  0.0000E+00  0.0000E+00
1  cu    -0.467531061424E+00 -0.820516709684E+00  0.984029766910E+00  0.778259172986E-01  0.0000E+00  0.0000E+00  0.0000E+00  0.0000E+00
1  cu     0.106240414909E+01  0.916336338986E+00  0.704579545086E-01  0.754979047222E-01  0.0000E+00  0.0000E+00  0.0000E+00  0.0000E+00
1  cu     0.675935193808E+00 -0.167140830182E+00 -0.325577086719E+00  0.737169430759E-01  0.0000E+00  0.0000E+00  0.0000E+00  0.0000E+00
1  cu    -0.596711912554E+00 -0.925663407551E+00  0.106211468456E+01  0.728185396042E-01  0.0000E+00  0.0000E+00  0.0000E+00  0.0000E+00
1  cu    -0.795716765128E+00 -0.420519157093E+00  0.218745183673E+00  0.727267363331E-01  0.0000E+00  0.0000E+00  0.0000E+00  0.0000E+00
1  cu    -0.709113591821E-01  0.545689342516E+00 -0.549386469425E+00  0.711511144182E-01  0.0000E+00  0.0000E+00  0.0000E+00  0.0000E+00
1  cu    -0.267422231290E+00 -0.935736199709E+00 -0.312764985744E+00  0.706854472833E-01  0.0000E+00  0.0000E+00  0.0000E+00  0.0000E+00
1  cu     0.309016271099E+00 -0.101573043681E+01 -0.850748842902E+00  0.664994566613E-01  0.0000E+00  0.0000E+00  0.0000E+00  0.0000E+00
1  cu     0.486916580642E+00  0.195185064383E+00 -0.775024923989E+00  0.449008275657E-01  0.0000E+00  0.0000E+00  0.0000E+00  0.0000E+00
1  cu    -0.115335278729E+00  0.284418091910E+00  0.967596753978E-01  0.413686668327E-01  0.0000E+00  0.0000E+00  0.0000E+00  0.0000E+00
  list of objects:
   bonded contacts (i,j):         0

