particles:      191 objects:        0 bonded_contacts:          0  mean_radius:   0.499372614005E+00
 -0.238882742408E+01 -0.859260197966E+01 -0.282515984044E+01  0.133427403879E+01 -0.445508436250E+01  0.966912485736E+01
mat type  xcenter             ycenter             zcenter             radius              Temp
1  cu    -0.722509011519E+00 -0.799245627727E+01  0.302297155081E+01  0.477201800000E+00  0.0000E+00
1  cu     0.758795855418E+00 -0.635083348497E+01  0.299504262575E+01  0.534511575000E+00  0.0000E+00
1  cu    -0.175040904927E+01 -0.597816227974E+01  0.288856580300E+01  0.534511575000E+00  0.0000E+00
1  cu    -0.127803679023E+01 -0.743419448402E+01  0.289728382273E+01  0.464413700000E+00  0.0000E+00
1  cu    -0.122631895908E+01 -0.635742984061E+01  0.431201407184E+01  0.501925050000E+00  0.0000E+00
1  cu    -0.121507193141E+01 -0.615288476269E+01  0.172197303129E+01  0.528567325000E+00  0.0000E+00
1  cu    -0.540496853007E+00 -0.621814821903E+01  0.300926098460E+01  0.534511575000E+00  0.0000E+00
1  cu     0.674630828258E-01 -0.725436196006E+01  0.456853531013E+01  0.508729475000E+00  0.0000E+00
1  cu    -0.710769927159E+00 -0.782608199072E+01  0.159828407595E+01  0.475090175000E+00  0.0000E+00
1  cu    -0.970239463733E+00 -0.581222709249E+01  0.239835778868E+01  0.488217000000E+00  0.0000E+00
1  cu    -0.570380629772E+00 -0.696719728523E+01  0.403690282608E+01  0.498786650000E+00  0.0000E+00
1  cu    -0.481930115719E+00 -0.650448826512E+01  0.124451568178E+01  0.536514625000E+00  0.0000E+00
1  cu     0.131203605789E+00 -0.782197994442E+01  0.201014372163E+01  0.467108800000E+00  0.0000E+00
1  cu    -0.145252423985E-01 -0.755888035302E+01  0.369761011327E+01  0.464413700000E+00  0.0000E+00
1  cu    -0.536896585356E+00 -0.728482122904E+01  0.222384633046E+01  0.549019900000E+00  0.0000E+00
1  cu    -0.114164957144E+01 -0.703871273581E+01  0.164520831431E+01  0.514071950000E+00  0.0000E+00
1  cu     0.367925620195E-01 -0.767401165565E+01  0.281653737496E+01  0.511611450000E+00  0.0000E+00
1  cu    -0.552430509705E+00 -0.713218926020E+01  0.311945131557E+01  0.528922225000E+00  0.0000E+00
1  cu    -0.120706260913E+01 -0.668523330856E+01  0.347638992851E+01  0.530557500000E+00  0.0000E+00
1  cu    -0.114377974244E+01 -0.667022279262E+01  0.251755815721E+01  0.487923725000E+00  0.0000E+00
1  cu    -0.106087533174E+01 -0.755377729365E+01  0.372595754696E+01  0.485806700000E+00  0.0000E+00
1  cu    -0.567010805383E+00 -0.656848280913E+01  0.483350220209E+01  0.535181200000E+00  0.0000E+00
1  cu    -0.112595314396E+01 -0.576909480774E+01  0.353043828331E+01  0.496269350000E+00  0.0000E+00
1  cu    -0.553981147174E+00 -0.777622917847E+01  0.438025471426E+01  0.537308700000E+00  0.0000E+00
1  cu     0.358649783453E-01 -0.764703418026E+01  0.124345248341E+01  0.478903975000E+00  0.0000E+00
1  cu    -0.514221853574E+00 -0.615181798779E+01  0.391541411035E+01  0.501925050000E+00  0.0000E+00
1  cu    -0.405935632276E+00 -0.635711031885E+01  0.210371620409E+01  0.528567325000E+00  0.0000E+00
1  cu     0.773220965258E+00 -0.787298759046E+01  0.143418183666E+01  0.475090175000E+00  0.0000E+00
1  cu     0.162271298157E+00 -0.586854192475E+01  0.256260466579E+01  0.488217000000E+00  0.0000E+00
1  cu     0.132973606867E+00 -0.646456198916E+01  0.436039530690E+01  0.498786650000E+00  0.0000E+00
1  cu     0.760136823779E+00 -0.786362948889E+01  0.368355277834E+01  0.464413700000E+00  0.0000E+00
1  cu     0.752709067575E+00 -0.732979284482E+01  0.219401528239E+01  0.549019900000E+00  0.0000E+00
1  cu     0.138355849334E+00 -0.696005084144E+01  0.166743686125E+01  0.514071950000E+00  0.0000E+00
1  cu     0.802814270256E+00 -0.803381875630E+01  0.282851722944E+01  0.511611450000E+00  0.0000E+00
1  cu     0.725152255139E+00 -0.721805526743E+01  0.313762821403E+01  0.528922225000E+00  0.0000E+00
1  cu     0.870899007407E-01 -0.670312834500E+01  0.351058540198E+01  0.530557500000E+00  0.0000E+00
1  cu     0.120792991693E+00 -0.679250433989E+01  0.260108709066E+01  0.487923725000E+00  0.0000E+00
1  cu     0.719622408919E+00 -0.707830087080E+01  0.397947388208E+01  0.485806700000E+00  0.0000E+00
1  cu     0.123278051418E+00 -0.581474214571E+01  0.343309840340E+01  0.496269350000E+00  0.0000E+00
1  cu     0.778240915616E+00 -0.775505563284E+01  0.455467204476E+01  0.537308700000E+00  0.0000E+00
1  cu     0.759823369431E+00 -0.637850732275E+01  0.208979685692E+01  0.528567325000E+00  0.0000E+00
1  cu    -0.125658272279E+01 -0.769084263160E+01  0.100764004856E+01  0.478903975000E+00  0.0000E+00
1  cu    -0.559296053049E+00 -0.728000902215E+01  0.104694098423E+01  0.458728275000E+00  0.0000E+00
1  cu    -0.564927980923E+00 -0.741703407274E+01  0.524717525865E+01  0.541742000000E+00  0.0000E+00
1  cu     0.550959074454E-01 -0.800487802361E+01  0.505847560243E+01  0.528595125000E+00  0.0000E+00
1  cu     0.773069641793E+00 -0.682478583328E+01  0.477933734049E+01  0.508729475000E+00  0.0000E+00
1  cu    -0.508155148414E+00 -0.525759212283E+01  0.378414804360E+01  0.515754250000E+00  0.0000E+00
1  cu    -0.727277273385E+00 -0.562643987778E+01  0.462684814014E+01  0.545444075000E+00  0.0000E+00
1  cu     0.779761981685E+00 -0.533263455438E+01  0.387388615999E+01  0.515754250000E+00  0.0000E+00
1  cu     0.780371627172E-01 -0.600841454922E+01  0.512285844307E+01  0.471731675000E+00  0.0000E+00
1  cu     0.716004173960E+00 -0.737939508856E+01  0.543079597052E+01  0.541742000000E+00  0.0000E+00
1  cu     0.918845433606E-01 -0.559067752301E+01  0.432827854745E+01  0.545444075000E+00  0.0000E+00
1  cu     0.530754750955E-01 -0.683729816971E+01  0.537428397993E+01  0.496568975000E+00  0.0000E+00
1  cu     0.767559196723E+00 -0.551906923122E+01  0.296929270891E+01  0.482025075000E+00  0.0000E+00
1  cu     0.799092838790E+00 -0.597477468418E+01  0.472018262700E+01  0.535181200000E+00  0.0000E+00
1  cu     0.756628384190E+00 -0.643219837731E+01  0.559789458650E+01  0.526359500000E+00  0.0000E+00
1  cu     0.766592654480E+00 -0.621420053853E+01  0.386570569749E+01  0.501925050000E+00  0.0000E+00
1  cu     0.254940460651E+00 -0.665557410787E+01  0.720106498807E+01  0.529094000000E+00  0.0000E+00
1  cu    -0.113185495680E+01 -0.648143153852E+01  0.632804600528E+01  0.515262475000E+00  0.0000E+00
1  cu    -0.120878691415E+01 -0.606973272544E+01  0.519674305862E+01  0.535181200000E+00  0.0000E+00
1  cu    -0.117659394689E+01 -0.766994591538E+01  0.584640296894E+01  0.458719125000E+00  0.0000E+00
1  cu     0.174524952850E+00 -0.592014745102E+01  0.597004127824E+01  0.484385200000E+00  0.0000E+00
1  cu    -0.424259016627E+00 -0.556786362183E+01  0.547039869971E+01  0.471731675000E+00  0.0000E+00
1  cu    -0.341288546809E+00 -0.719587426057E+01  0.685117163633E+01  0.470720450000E+00  0.0000E+00
1  cu    -0.570269767810E+00 -0.792473532749E+01  0.645588572816E+01  0.459083225000E+00  0.0000E+00
1  cu    -0.119773478052E+01 -0.689510472540E+01  0.548499670827E+01  0.496568975000E+00  0.0000E+00
1  cu     0.106283573622E-01 -0.534026386797E+01  0.648269755927E+01  0.485692025000E+00  0.0000E+00
1  cu    -0.549434281154E+00 -0.713607259558E+01  0.607032914326E+01  0.516781625000E+00  0.0000E+00
1  cu    -0.222554492889E+00 -0.638223519499E+01  0.656510478497E+01  0.515262475000E+00  0.0000E+00
1  cu    -0.530598065868E+00 -0.631715813489E+01  0.573753099127E+01  0.526359500000E+00  0.0000E+00
1  cu     0.397888610731E-01 -0.771466384245E+01  0.586512316243E+01  0.458719125000E+00  0.0000E+00
1  cu     0.767192068176E+00 -0.556667919960E+01  0.550372546692E+01  0.484385200000E+00  0.0000E+00
1  cu     0.774165031132E+00 -0.719352962977E+01  0.687334975230E+01  0.470720450000E+00  0.0000E+00
1  cu     0.459003067505E+00 -0.580604245758E+01  0.705179441154E+01  0.543868175000E+00  0.0000E+00
1  cu     0.170030047958E+00 -0.777379590753E+01  0.663393726993E+01  0.459083225000E+00  0.0000E+00
1  cu     0.793642748069E+00 -0.545715159483E+01  0.630634681739E+01  0.485692025000E+00  0.0000E+00
1  cu     0.303649123563E+00 -0.699033770174E+01  0.620793389465E+01  0.516781625000E+00  0.0000E+00
1  cu     0.772015079924E+00 -0.635937238474E+01  0.649412872220E+01  0.515262475000E+00  0.0000E+00
1  cu     0.807762504755E+00 -0.766138025631E+01  0.623907447570E+01  0.458719125000E+00  0.0000E+00
1  cu    -0.477375363529E+00 -0.704641347902E+01  0.273679316179E-01  0.494342675000E+00  0.0000E+00
1  cu    -0.607771502744E+00 -0.566202662011E+01  0.142285908046E+01  0.513933750000E+00  0.0000E+00
1  cu     0.881412825654E-01 -0.601099596350E+01  0.844497101325E+00  0.476315050000E+00  0.0000E+00
1  cu     0.135607665195E+00 -0.521007423051E+01  0.125410904919E+01  0.472177725000E+00  0.0000E+00
1  cu     0.220191051034E+00 -0.596023306325E+01  0.165202745734E+01  0.513933750000E+00  0.0000E+00
1  cu     0.728086407979E+00 -0.660818149399E+01  0.114517563201E+01  0.536514625000E+00  0.0000E+00
1  cu     0.800460084130E+00 -0.604647977613E+01  0.493345554081E+00  0.476315050000E+00  0.0000E+00
1  cu     0.586834930620E-01 -0.693061329965E+01  0.686858454684E+00  0.458728275000E+00  0.0000E+00
1  cu     0.711440181155E+00 -0.745751686062E+01  0.752645868159E+00  0.478903975000E+00  0.0000E+00
1  cu     0.800581961999E+00 -0.559252385309E+01  0.117843454778E+01  0.472177725000E+00  0.0000E+00
1  cu     0.158180979032E+00 -0.637671781468E+01  0.200609454816E-01  0.517697800000E+00  0.0000E+00
1  cu    -0.115314067220E+01 -0.683683011614E+01  0.766295462706E+00  0.494342675000E+00  0.0000E+00
1  cu    -0.186331381699E+01 -0.736926831701E+01 -0.916001896869E+00  0.491937675000E+00  0.0000E+00
1  cu    -0.184117663453E+01 -0.543759139293E+01  0.503134725381E+00  0.543328125000E+00  0.0000E+00
1  cu    -0.183252737065E+01 -0.565214752990E+01  0.135243731414E+01  0.513933750000E+00  0.0000E+00
1  cu    -0.183858087769E+01 -0.630453550134E+01  0.350475228703E+00  0.517697800000E+00  0.0000E+00
1  cu    -0.120347248899E+01 -0.787502807764E+01 -0.996405787757E+00  0.512918050000E+00  0.0000E+00
1  cu    -0.121251135538E+01 -0.492192808750E+01  0.200961244579E+00  0.466843725000E+00  0.0000E+00
1  cu    -0.183793770130E+01 -0.655174611758E+01  0.123060887466E+01  0.536514625000E+00  0.0000E+00
1  cu    -0.121086396041E+01 -0.667894171369E+01 -0.114173629800E-01  0.461892675000E+00  0.0000E+00
1  cu    -0.130473106080E+01 -0.672930719553E+01 -0.800434801570E+00  0.498395925000E+00  0.0000E+00
1  cu    -0.120707846128E+01 -0.598862487807E+01  0.860526680460E+00  0.476315050000E+00  0.0000E+00
1  cu    -0.185527182408E+01 -0.611267439387E+01 -0.582387319358E+00  0.533555600000E+00  0.0000E+00
1  cu    -0.185503050599E+01 -0.521153545942E+01 -0.302184680674E+00  0.467662925000E+00  0.0000E+00
1  cu    -0.118663415015E+01 -0.578113989832E+01 -0.598813971250E-01  0.547385650000E+00  0.0000E+00
1  cu    -0.182599211196E+01 -0.712072220379E+01  0.532081733805E+00  0.458728275000E+00  0.0000E+00
1  cu    -0.126646923593E+01 -0.634135537058E+01 -0.178156307335E+01  0.488770850000E+00  0.0000E+00
1  cu    -0.190832493494E+01 -0.695683187599E+01 -0.232134661509E+00  0.472949975000E+00  0.0000E+00
1  cu    -0.124085639163E+01 -0.713069867512E+01 -0.150796588356E+01  0.486835150000E+00  0.0000E+00
1  cu    -0.179950250949E+01 -0.534862213905E+01 -0.108914547685E+01  0.513934600000E+00  0.0000E+00
1  cu    -0.123008312724E+01 -0.514645321131E+01  0.104008485388E+01  0.472177725000E+00  0.0000E+00
1  cu    -0.658601056039E+00 -0.722981359738E+01 -0.838007351348E+00  0.491937675000E+00  0.0000E+00
1  cu    -0.555380272059E+00 -0.785071241811E+01 -0.297129602942E+00  0.505892375000E+00  0.0000E+00
1  cu    -0.565109600780E+00 -0.541190592185E+01  0.599437442113E+00  0.543328125000E+00  0.0000E+00
1  cu    -0.641245218658E+00 -0.680833599601E+01 -0.206275025628E+01  0.518024600000E+00  0.0000E+00
1  cu    -0.615326722964E+00 -0.585180481811E+01 -0.172416354693E+01  0.472682725000E+00  0.0000E+00
1  cu    -0.596247131814E+00 -0.765595248576E+01 -0.162723982413E+01  0.528277600000E+00  0.0000E+00
1  cu    -0.578654664511E+00 -0.630012604477E+01  0.402518420723E+00  0.517697800000E+00  0.0000E+00
1  cu    -0.611116725568E+00 -0.642828473884E+01 -0.480744740716E+00  0.461892675000E+00  0.0000E+00
1  cu     0.802150918703E-01 -0.688793062944E+01 -0.656873001063E+00  0.498395925000E+00  0.0000E+00
1  cu    -0.106975443894E+01 -0.588422893630E+01 -0.993458030878E+00  0.533555600000E+00  0.0000E+00
1  cu    -0.111557713766E+01 -0.506630124844E+01 -0.601258372614E+00  0.467662925000E+00  0.0000E+00
1  cu    -0.318313276828E+00 -0.568489558977E+01 -0.274149622563E+00  0.547385650000E+00  0.0000E+00
1  cu     0.279326307158E-01 -0.637377611940E+01 -0.179114294977E+01  0.488770850000E+00  0.0000E+00
1  cu    -0.129719676453E+01 -0.744926691967E+01 -0.244317582302E+00  0.472949975000E+00  0.0000E+00
1  cu     0.273148645589E-01 -0.708149004979E+01 -0.146364149728E+01  0.486835150000E+00  0.0000E+00
1  cu    -0.322666782356E+00 -0.536451647079E+01 -0.108817460237E+01  0.513934600000E+00  0.0000E+00
1  cu    -0.523519781699E-01 -0.736825061493E+01 -0.229189754044E+01  0.533262300000E+00  0.0000E+00
1  cu    -0.606338335804E+00 -0.655801364007E+01 -0.127289135974E+01  0.460730925000E+00  0.0000E+00
1  cu    -0.934468894395E+00 -0.753129461148E+01  0.392328001907E+00  0.454642400000E+00  0.0000E+00
1  cu     0.778650676698E+00 -0.688461833496E+01  0.203725356843E+00  0.494342675000E+00  0.0000E+00
1  cu     0.702700095123E-01 -0.767870652481E+01 -0.896027462563E+00  0.491937675000E+00  0.0000E+00
1  cu     0.267742320517E+00 -0.529357488090E+01  0.381574456917E+00  0.543328125000E+00  0.0000E+00
1  cu     0.688416725849E+00 -0.685086938317E+01 -0.209712676900E+01  0.518024600000E+00  0.0000E+00
1  cu     0.143814717112E+00 -0.558196677036E+01 -0.174528399364E+01  0.472682725000E+00  0.0000E+00
1  cu     0.799576593446E+00 -0.649396274525E+01 -0.544656522824E+00  0.461892675000E+00  0.0000E+00
1  cu     0.794673967091E+00 -0.732362374955E+01 -0.603929919627E+00  0.498395925000E+00  0.0000E+00
1  cu     0.780533970032E-01 -0.612101030558E+01 -0.966611915461E+00  0.533555600000E+00  0.0000E+00
1  cu     0.240903860869E+00 -0.510996864567E+01 -0.609601235615E+00  0.467662925000E+00  0.0000E+00
1  cu     0.800322482224E+00 -0.797690138264E+01  0.222307470543E-01  0.514275475000E+00  0.0000E+00
1  cu     0.718652055531E+00 -0.572048956465E+01 -0.281240497397E+00  0.547385650000E+00  0.0000E+00
1  cu     0.209398459392E+00 -0.745176217864E+01 -0.403902475293E-01  0.472949975000E+00  0.0000E+00
1  cu     0.768068069876E+00 -0.743705775635E+01 -0.144704458013E+01  0.486835150000E+00  0.0000E+00
1  cu     0.755148873409E+00 -0.564103913782E+01 -0.112834003029E+01  0.513934600000E+00  0.0000E+00
1  cu     0.732893572302E+00 -0.660231745359E+01 -0.128989797491E+01  0.460730925000E+00  0.0000E+00
1  cu    -0.206101508704E+00 -0.771924413034E+01  0.494867580549E+00  0.454642400000E+00  0.0000E+00
1  cu    -0.963557875041E+00 -0.729477539373E+01  0.833765664478E+01  0.502015700000E+00  0.0000E+00
1  cu    -0.117353879712E+01 -0.786631979876E+01  0.784598389258E+01  0.450498875000E+00  0.0000E+00
1  cu    -0.190749863188E+01 -0.754974681164E+01  0.689894200933E+01  0.459777300000E+00  0.0000E+00
1  cu    -0.125844301268E+01 -0.794872774531E+01  0.700847104084E+01  0.499187400000E+00  0.0000E+00
1  cu    -0.181598296779E+01 -0.668238359348E+01  0.683783822219E+01  0.529094000000E+00  0.0000E+00
1  cu    -0.115658701518E+01 -0.728870987494E+01  0.663129069707E+01  0.470720450000E+00  0.0000E+00
1  cu    -0.180083141854E+01 -0.582715058278E+01  0.649675847504E+01  0.543868175000E+00  0.0000E+00
1  cu    -0.175063407087E+01 -0.686477998072E+01  0.841664443353E+01  0.523409200000E+00  0.0000E+00
1  cu    -0.180712620984E+01 -0.715280710610E+01  0.607845163171E+01  0.516781625000E+00  0.0000E+00
1  cu    -0.126966701050E+01 -0.588013006173E+01  0.724853630196E+01  0.452312675000E+00  0.0000E+00
1  cu    -0.183932495860E+01 -0.633770150987E+01  0.764638423353E+01  0.534488950000E+00  0.0000E+00
1  cu    -0.104518599250E+01 -0.614512379661E+01  0.908321044612E+01  0.464710475000E+00  0.0000E+00
1  cu    -0.166842921839E+01 -0.722650376054E+01  0.760907539654E+01  0.533668025000E+00  0.0000E+00
1  cu    -0.172961371734E+01 -0.548065186365E+01  0.785869026965E+01  0.537456900000E+00  0.0000E+00
1  cu    -0.330687915530E+00 -0.772113651368E+01  0.802428135965E+01  0.450498875000E+00  0.0000E+00
1  cu    -0.810589845877E+00 -0.737216095758E+01  0.744826761447E+01  0.459777300000E+00  0.0000E+00
1  cu    -0.583338303966E+00 -0.542349926029E+01  0.915726228336E+01  0.489369875000E+00  0.0000E+00
1  cu    -0.526353541628E+00 -0.809341457966E+01  0.725864260070E+01  0.499187400000E+00  0.0000E+00
1  cu    -0.483350149625E+00 -0.588341317627E+01  0.856034772922E+01  0.463859625000E+00  0.0000E+00
1  cu    -0.111944711092E+01 -0.508273923732E+01  0.728501981223E+01  0.472931050000E+00  0.0000E+00
1  cu    -0.953529384505E+00 -0.662950892777E+01  0.719754702934E+01  0.529094000000E+00  0.0000E+00
1  cu    -0.722092573112E+00 -0.568928506800E+01  0.667086325749E+01  0.543868175000E+00  0.0000E+00
1  cu    -0.117548508151E+01 -0.553849097215E+01  0.854995520505E+01  0.451517475000E+00  0.0000E+00
1  cu    -0.407100714074E+00 -0.666724513717E+01  0.863843022861E+01  0.523409200000E+00  0.0000E+00
1  cu    -0.106391055001E+01 -0.788706516964E+01  0.905505504865E+01  0.512152900000E+00  0.0000E+00
1  cu    -0.390953986897E+00 -0.605210758341E+01  0.733387118753E+01  0.452312675000E+00  0.0000E+00
1  cu    -0.289648391294E+00 -0.748370882562E+01  0.906471783619E+01  0.505883150000E+00  0.0000E+00
1  cu    -0.104674489325E+01 -0.632139253601E+01  0.807535843702E+01  0.534488950000E+00  0.0000E+00
1  cu     0.884113238101E-01 -0.588958059790E+01  0.909104476139E+01  0.464710475000E+00  0.0000E+00
1  cu    -0.106006043071E+01 -0.697364337172E+01  0.911530506492E+01  0.488147300000E+00  0.0000E+00
1  cu    -0.265733494321E+00 -0.688101326006E+01  0.783832189512E+01  0.533668025000E+00  0.0000E+00
1  cu    -0.671173182424E+00 -0.546553396247E+01  0.784704755992E+01  0.537456900000E+00  0.0000E+00
1  cu     0.819543621159E+00 -0.793757993908E+01  0.802977593346E+01  0.450498875000E+00  0.0000E+00
1  cu     0.965859968356E-01 -0.752200126075E+01  0.738926781247E+01  0.459777300000E+00  0.0000E+00
1  cu     0.768114293389E+00 -0.796501602502E+01  0.719295936185E+01  0.499187400000E+00  0.0000E+00
1  cu     0.769775775342E+00 -0.579428888048E+01  0.845243061346E+01  0.463859625000E+00  0.0000E+00
1  cu    -0.115134472640E+00 -0.520322769058E+01  0.727562190009E+01  0.472931050000E+00  0.0000E+00
1  cu     0.256622430802E+00 -0.741774533914E+01  0.843861484306E+01  0.502015700000E+00  0.0000E+00
1  cu     0.963891062144E-01 -0.536683600978E+01  0.846637495413E+01  0.451517475000E+00  0.0000E+00
1  cu     0.616655128624E+00 -0.661474971816E+01  0.842217310682E+01  0.523409200000E+00  0.0000E+00
1  cu     0.831501253469E+00 -0.625186256245E+01  0.768243549355E+01  0.452312675000E+00  0.0000E+00
1  cu     0.764257028015E+00 -0.713689170139E+01  0.909347514390E+01  0.505883150000E+00  0.0000E+00
1  cu     0.768747780933E-01 -0.604794163682E+01  0.797218082331E+01  0.534488950000E+00  0.0000E+00
1  cu     0.787185757364E+00 -0.624139648920E+01  0.914261570820E+01  0.464710475000E+00  0.0000E+00
1  cu     0.907852414695E-01 -0.670167309400E+01  0.918097755736E+01  0.488147300000E+00  0.0000E+00
1  cu     0.747183062634E+00 -0.715520403019E+01  0.774792663411E+01  0.533668025000E+00  0.0000E+00
  list of objects:
   bonded contacts (i,j):         0

