particles:      631 objects:        0 bonded_contacts:          0  mean_radius:   0.501261941719E+00
 -0.264673066096E+01 -0.287358887161E+02 -0.969840262879E+01  0.132336533048E+01  0.287443281219E+02  0.969914779052E+01
mat type  xcenter             ycenter             zcenter             radius              Temp
2  cu     0.116094501166E+00  0.697165063949E+01  0.839405037619E+01  0.463163325000E+00  0.0000E+00
1  cu    -0.181116622603E+01  0.586316350934E+01  0.779914935261E+01  0.463680525000E+00  0.0000E+00
1  cu    -0.124010239760E+01  0.799007680674E+01  0.846577655921E+01  0.452613875000E+00  0.0000E+00
1  cu    -0.140215866718E+01  0.832395607806E+01  0.779444246522E+01  0.476105375000E+00  0.0000E+00
1  cu    -0.185345373730E+01  0.747148181740E+01  0.843042816861E+01  0.514098275000E+00  0.0000E+00
1  cu    -0.124328297335E+01  0.708190799499E+01  0.722900614512E+01  0.527513475000E+00  0.0000E+00
1  cu    -0.178309039581E+01  0.648116192577E+01  0.842185255137E+01  0.543021000000E+00  0.0000E+00
1  cu    -0.188786720854E+01  0.688467309853E+01  0.769178523728E+01  0.475430225000E+00  0.0000E+00
1  cu    -0.188134261781E+01  0.705353025977E+01  0.913348490423E+01  0.470525325000E+00  0.0000E+00
1  cu    -0.120466001381E+01  0.661704890991E+01  0.911926452648E+01  0.513879225000E+00  0.0000E+00
1  cu    -0.180823947157E+01  0.770043083523E+01  0.764349695668E+01  0.495162425000E+00  0.0000E+00
1  cu    -0.186192397259E+01  0.801953292493E+01  0.910797576184E+01  0.509592525000E+00  0.0000E+00
1  cu    -0.114216229642E+01  0.635010742541E+01  0.769910343631E+01  0.487211700000E+00  0.0000E+00
1  cu    -0.124272206009E+01  0.709121801203E+01  0.814555870877E+01  0.463163325000E+00  0.0000E+00
1  cu    -0.119924091081E+01  0.750719796484E+01  0.910670845803E+01  0.487841575000E+00  0.0000E+00
1  cu    -0.176948510611E+01  0.592556674364E+01  0.911006448475E+01  0.527951725000E+00  0.0000E+00
1  cu    -0.116842429602E+01  0.584991076436E+01  0.843490661147E+01  0.463680525000E+00  0.0000E+00
1  cu    -0.107246000537E+01  0.634394414358E+01  0.678371345362E+01  0.503669350000E+00  0.0000E+00
1  cu     0.917631008280E-01  0.830968676501E+01  0.872213424202E+01  0.452613875000E+00  0.0000E+00
1  cu    -0.391227384745E+00  0.817571554685E+01  0.743486788778E+01  0.476105375000E+00  0.0000E+00
1  cu    -0.104804450410E+01  0.739739221045E+01  0.643789170676E+01  0.513004300000E+00  0.0000E+00
1  cu    -0.587262622734E+00  0.748338079275E+01  0.849713456445E+01  0.514098275000E+00  0.0000E+00
1  cu    -0.409626678444E+00  0.694525908974E+01  0.689097581121E+01  0.527513475000E+00  0.0000E+00
1  cu    -0.656659579163E+00  0.659106128028E+01  0.847557491709E+01  0.543021000000E+00  0.0000E+00
1  cu    -0.510935976491E+00  0.699665314613E+01  0.774700198532E+01  0.475430225000E+00  0.0000E+00
1  cu    -0.486571750556E+00  0.709514675546E+01  0.918595901702E+01  0.470525325000E+00  0.0000E+00
1  cu    -0.456369973058E+00  0.805319106950E+01  0.658101290376E+01  0.525218200000E+00  0.0000E+00
1  cu    -0.413653459092E+00  0.607717084805E+01  0.722243480976E+01  0.492604450000E+00  0.0000E+00
1  cu     0.517126883335E-01  0.649625673439E+01  0.908832037910E+01  0.513879225000E+00  0.0000E+00
1  cu    -0.897309739890E+00  0.768920339117E+01  0.772759195067E+01  0.495162425000E+00  0.0000E+00
1  cu    -0.567114312682E+00  0.833035119367E+01  0.822932221018E+01  0.489599775000E+00  0.0000E+00
1  cu    -0.118210041263E+01  0.848581383528E+01  0.911080209259E+01  0.509592525000E+00  0.0000E+00
1  cu    -0.114993955789E+01  0.805105034760E+01  0.702105014729E+01  0.494407350000E+00  0.0000E+00
1  cu    -0.429964990847E+00  0.601341223861E+01  0.801797289926E+01  0.487211700000E+00  0.0000E+00
1  cu    -0.498143690907E+00  0.800996624099E+01  0.913009659369E+01  0.487841575000E+00  0.0000E+00
1  cu    -0.598211220344E+00  0.594883992547E+01  0.908838145695E+01  0.527951725000E+00  0.0000E+00
1  cu    -0.338738758893E-02  0.638748001480E+01  0.642486288600E+01  0.503669350000E+00  0.0000E+00
1  cu     0.814196205900E+00  0.829364086916E+01  0.835827188887E+01  0.452613875000E+00  0.0000E+00
1  cu     0.792338750318E+00  0.789760006284E+01  0.764013680129E+01  0.476105375000E+00  0.0000E+00
1  cu     0.146632863890E+00  0.748442605572E+01  0.642424818567E+01  0.513004300000E+00  0.0000E+00
1  cu     0.746819969294E-01  0.771778963319E+01  0.809658280414E+01  0.514098275000E+00  0.0000E+00
1  cu     0.627549442136E+00  0.687731122363E+01  0.697240237121E+01  0.527513475000E+00  0.0000E+00
1  cu     0.708607984377E+00  0.638965925692E+01  0.833912180654E+01  0.543021000000E+00  0.0000E+00
1  cu     0.983309045851E-01  0.661227582803E+01  0.761960535146E+01  0.475430225000E+00  0.0000E+00
1  cu     0.159575456129E+00  0.753150233392E+01  0.905822717865E+01  0.470525325000E+00  0.0000E+00
1  cu     0.744725797685E+00  0.605574878467E+01  0.666572525814E+01  0.492604450000E+00  0.0000E+00
1  cu     0.754927106691E+00  0.693762418884E+01  0.909619768406E+01  0.513879225000E+00  0.0000E+00
1  cu     0.811890487997E-01  0.747886780312E+01  0.731747810040E+01  0.495162425000E+00  0.0000E+00
1  cu     0.725598187498E+00  0.688330049742E+01  0.613406681873E+01  0.521445900000E+00  0.0000E+00
1  cu     0.261384430287E+00  0.848241845350E+01  0.791021471393E+01  0.489599775000E+00  0.0000E+00
1  cu     0.294159602045E+00  0.831530987594E+01  0.703583860103E+01  0.540024075000E+00  0.0000E+00
1  cu     0.740804417140E+00  0.814003020811E+01  0.913799729038E+01  0.509592525000E+00  0.0000E+00
1  cu     0.113008398136E+00  0.578058145873E+01  0.863722825977E+01  0.453973825000E+00  0.0000E+00
1  cu     0.823435433411E+00  0.769460287661E+01  0.680451321074E+01  0.494407350000E+00  0.0000E+00
1  cu     0.816239871740E+00  0.626385601251E+01  0.748289896169E+01  0.487211700000E+00  0.0000E+00
1  cu     0.734653093113E+00  0.709992953574E+01  0.779456777994E+01  0.463163325000E+00  0.0000E+00
1  cu     0.780394180788E+00  0.750893328617E+01  0.849072339169E+01  0.487841575000E+00  0.0000E+00
1  cu     0.740175345015E+00  0.594927080507E+01  0.910760927051E+01  0.527951725000E+00  0.0000E+00
1  cu     0.758795855418E+00 -0.635083348497E+01  0.299504262575E+01  0.534511575000E+00  0.0000E+00
1  cu    -0.175040904927E+01 -0.597816227974E+01  0.288856580300E+01  0.534511575000E+00  0.0000E+00
1  cu    -0.127803679023E+01 -0.743419448402E+01  0.289728382273E+01  0.464413700000E+00  0.0000E+00
1  cu    -0.118443969435E+01 -0.506756450583E+01  0.194636954624E+01  0.548828325000E+00  0.0000E+00
1  cu    -0.125149416879E+01 -0.533414053209E+01  0.286784757935E+01  0.482025075000E+00  0.0000E+00
1  cu    -0.122631895908E+01 -0.635742984061E+01  0.431201407184E+01  0.501925050000E+00  0.0000E+00
1  cu    -0.121507193141E+01 -0.615288476269E+01  0.172197303129E+01  0.528567325000E+00  0.0000E+00
1  cu    -0.540496853007E+00 -0.621814821903E+01  0.300926098460E+01  0.534511575000E+00  0.0000E+00
1  cu     0.674630828258E-01 -0.725436196006E+01  0.456853531013E+01  0.508729475000E+00  0.0000E+00
1  cu    -0.710769927159E+00 -0.782608199072E+01  0.159828407595E+01  0.475090175000E+00  0.0000E+00
1  cu    -0.508155148414E+00 -0.525759212283E+01  0.378414804360E+01  0.515754250000E+00  0.0000E+00
1  cu    -0.970239463733E+00 -0.581222709249E+01  0.239835778868E+01  0.488217000000E+00  0.0000E+00
1  cu    -0.607771502744E+00 -0.566202662011E+01  0.142285908046E+01  0.513933750000E+00  0.0000E+00
1  cu    -0.570380629772E+00 -0.696719728523E+01  0.403690282608E+01  0.498786650000E+00  0.0000E+00
1  cu    -0.481930115719E+00 -0.650448826512E+01  0.124451568178E+01  0.536514625000E+00  0.0000E+00
1  cu    -0.727277273385E+00 -0.562643987778E+01  0.462684814014E+01  0.545444075000E+00  0.0000E+00
1  cu     0.131203605789E+00 -0.782197994442E+01  0.201014372163E+01  0.467108800000E+00  0.0000E+00
1  cu    -0.145252423985E-01 -0.755888035302E+01  0.369761011327E+01  0.464413700000E+00  0.0000E+00
1  cu    -0.722509011519E+00 -0.799245627727E+01  0.302297155081E+01  0.477201800000E+00  0.0000E+00
1  cu    -0.536896585356E+00 -0.728482122904E+01  0.222384633046E+01  0.549019900000E+00  0.0000E+00
1  cu    -0.274291660553E+00 -0.529340568209E+01  0.211872829481E+01  0.548828325000E+00  0.0000E+00
1  cu    -0.114164957144E+01 -0.703871273581E+01  0.164520831431E+01  0.514071950000E+00  0.0000E+00
1  cu    -0.461886379298E+00 -0.531454525785E+01  0.294897342146E+01  0.482025075000E+00  0.0000E+00
1  cu     0.367925620195E-01 -0.767401165565E+01  0.281653737496E+01  0.511611450000E+00  0.0000E+00
1  cu     0.881412825654E-01 -0.601099596350E+01  0.844497101325E+00  0.476315050000E+00  0.0000E+00
1  cu    -0.552430509705E+00 -0.713218926020E+01  0.311945131557E+01  0.528922225000E+00  0.0000E+00
1  cu    -0.120706260913E+01 -0.668523330856E+01  0.347638992851E+01  0.530557500000E+00  0.0000E+00
1  cu    -0.114377974244E+01 -0.667022279262E+01  0.251755815721E+01  0.487923725000E+00  0.0000E+00
1  cu    -0.106087533174E+01 -0.755377729365E+01  0.372595754696E+01  0.485806700000E+00  0.0000E+00
1  cu    -0.567010805383E+00 -0.656848280913E+01  0.483350220209E+01  0.535181200000E+00  0.0000E+00
1  cu    -0.112595314396E+01 -0.576909480774E+01  0.353043828331E+01  0.496269350000E+00  0.0000E+00
1  cu    -0.553981147174E+00 -0.777622917847E+01  0.438025471426E+01  0.537308700000E+00  0.0000E+00
1  cu     0.358649783453E-01 -0.764703418026E+01  0.124345248341E+01  0.478903975000E+00  0.0000E+00
1  cu    -0.514221853574E+00 -0.615181798779E+01  0.391541411035E+01  0.501925050000E+00  0.0000E+00
1  cu     0.135607665195E+00 -0.521007423051E+01  0.125410904919E+01  0.472177725000E+00  0.0000E+00
1  cu    -0.405935632276E+00 -0.635711031885E+01  0.210371620409E+01  0.528567325000E+00  0.0000E+00
1  cu     0.773069641793E+00 -0.682478583328E+01  0.477933734049E+01  0.508729475000E+00  0.0000E+00
1  cu     0.773220965258E+00 -0.787298759046E+01  0.143418183666E+01  0.475090175000E+00  0.0000E+00
1  cu     0.779761981685E+00 -0.533263455438E+01  0.387388615999E+01  0.515754250000E+00  0.0000E+00
1  cu     0.162271298157E+00 -0.586854192475E+01  0.256260466579E+01  0.488217000000E+00  0.0000E+00
1  cu     0.220191051034E+00 -0.596023306325E+01  0.165202745734E+01  0.513933750000E+00  0.0000E+00
1  cu     0.132973606867E+00 -0.646456198916E+01  0.436039530690E+01  0.498786650000E+00  0.0000E+00
1  cu     0.728086407979E+00 -0.660818149399E+01  0.114517563201E+01  0.536514625000E+00  0.0000E+00
1  cu     0.780371627172E-01 -0.600841454922E+01  0.512285844307E+01  0.471731675000E+00  0.0000E+00
1  cu     0.716004173960E+00 -0.737939508856E+01  0.543079597052E+01  0.541742000000E+00  0.0000E+00
1  cu     0.918845433606E-01 -0.559067752301E+01  0.432827854745E+01  0.545444075000E+00  0.0000E+00
1  cu     0.760136823779E+00 -0.786362948889E+01  0.368355277834E+01  0.464413700000E+00  0.0000E+00
1  cu     0.752709067575E+00 -0.732979284482E+01  0.219401528239E+01  0.549019900000E+00  0.0000E+00
1  cu     0.706552274345E+00 -0.523674552674E+01  0.207469082068E+01  0.548828325000E+00  0.0000E+00
1  cu     0.530754750955E-01 -0.683729816971E+01  0.537428397993E+01  0.496568975000E+00  0.0000E+00
1  cu     0.138355849334E+00 -0.696005084144E+01  0.166743686125E+01  0.514071950000E+00  0.0000E+00
1  cu     0.767559196723E+00 -0.551906923122E+01  0.296929270891E+01  0.482025075000E+00  0.0000E+00
1  cu     0.802814270256E+00 -0.803381875630E+01  0.282851722944E+01  0.511611450000E+00  0.0000E+00
1  cu     0.800460084130E+00 -0.604647977613E+01  0.493345554081E+00  0.476315050000E+00  0.0000E+00
1  cu     0.725152255139E+00 -0.721805526743E+01  0.313762821403E+01  0.528922225000E+00  0.0000E+00
1  cu     0.870899007407E-01 -0.670312834500E+01  0.351058540198E+01  0.530557500000E+00  0.0000E+00
1  cu     0.586834930620E-01 -0.693061329965E+01  0.686858454684E+00  0.458728275000E+00  0.0000E+00
1  cu     0.120792991693E+00 -0.679250433989E+01  0.260108709066E+01  0.487923725000E+00  0.0000E+00
1  cu     0.719622408919E+00 -0.707830087080E+01  0.397947388208E+01  0.485806700000E+00  0.0000E+00
1  cu     0.799092838790E+00 -0.597477468418E+01  0.472018262700E+01  0.535181200000E+00  0.0000E+00
1  cu     0.756628384190E+00 -0.643219837731E+01  0.559789458650E+01  0.526359500000E+00  0.0000E+00
1  cu     0.123278051418E+00 -0.581474214571E+01  0.343309840340E+01  0.496269350000E+00  0.0000E+00
1  cu     0.778240915616E+00 -0.775505563284E+01  0.455467204476E+01  0.537308700000E+00  0.0000E+00
1  cu     0.711440181155E+00 -0.745751686062E+01  0.752645868159E+00  0.478903975000E+00  0.0000E+00
1  cu     0.766592654480E+00 -0.621420053853E+01  0.386570569749E+01  0.501925050000E+00  0.0000E+00
1  cu     0.800581961999E+00 -0.559252385309E+01  0.117843454778E+01  0.472177725000E+00  0.0000E+00
1  cu     0.759823369431E+00 -0.637850732275E+01  0.208979685692E+01  0.528567325000E+00  0.0000E+00
1  cu     0.695454055309E+00  0.593873606443E+01 -0.521068933293E+01  0.475838125000E+00  0.0000E+00
1  cu    -0.106257828751E+01  0.607005614170E+01 -0.569952001275E+01  0.529355475000E+00  0.0000E+00
1  cu    -0.115793140426E+01  0.483790555819E+01 -0.445209817327E+01  0.485548425000E+00  0.0000E+00
1  cu    -0.809141718402E+00  0.672011567173E+01 -0.514815237604E+01  0.477052125000E+00  0.0000E+00
1  cu    -0.130723908623E+01  0.547881764745E+01 -0.626984403903E+01  0.524011450000E+00  0.0000E+00
1  cu    -0.151399844090E+01  0.621207744532E+01 -0.474174627774E+01  0.533567975000E+00  0.0000E+00
1  cu    -0.130349390102E+01  0.465319504476E+01 -0.564954046619E+01  0.506066700000E+00  0.0000E+00
1  cu    -0.141079724267E+01  0.539328452101E+01 -0.509194058984E+01  0.533161450000E+00  0.0000E+00
1  cu    -0.109487075905E+01  0.565551902904E+01 -0.429013900941E+01  0.486058600000E+00  0.0000E+00
1  cu    -0.664364173545E+00  0.581831922358E+01 -0.498087448215E+01  0.475838125000E+00  0.0000E+00
1  cu    -0.102423755698E+00  0.599332400449E+01 -0.568386895875E+01  0.529355475000E+00  0.0000E+00
1  cu    -0.613183947741E+00  0.601584617671E+01 -0.358656583829E+01  0.541157725000E+00  0.0000E+00
1  cu    -0.485836751243E+00  0.670122041739E+01 -0.588044583668E+01  0.484247300000E+00  0.0000E+00
1  cu    -0.337697706661E+00  0.626152868713E+01 -0.652730597246E+01  0.522901275000E+00  0.0000E+00
1  cu    -0.117008271869E+01  0.701521809644E+01 -0.443684128121E+01  0.473501425000E+00  0.0000E+00
1  cu    -0.887230717963E-01  0.485072892300E+01 -0.448101771705E+01  0.485548425000E+00  0.0000E+00
1  cu     0.123330267863E-01  0.634937434992E+01 -0.494851470565E+01  0.477052125000E+00  0.0000E+00
1  cu    -0.268975684744E+00  0.399351917014E+01 -0.633878257702E+01  0.549854625000E+00  0.0000E+00
1  cu    -0.349790754732E+00  0.543026413174E+01 -0.633115693159E+01  0.524011450000E+00  0.0000E+00
1  cu    -0.665318293704E+00  0.637429386746E+01 -0.438096938115E+01  0.533567975000E+00  0.0000E+00
1  cu    -0.732933627814E+00  0.530412871206E+01 -0.563357992847E+01  0.450721650000E+00  0.0000E+00
1  cu    -0.531172231928E+00  0.518670613696E+01 -0.394371335445E+01  0.532953750000E+00  0.0000E+00
1  cu    -0.213046006832E+00  0.466204271279E+01 -0.576488407917E+01  0.506066700000E+00  0.0000E+00
1  cu    -0.339121629373E+00  0.488959522954E+01 -0.709794631430E+01  0.517475900000E+00  0.0000E+00
1  cu    -0.865757232208E+00  0.566202860837E+01 -0.709242135473E+01  0.538657375000E+00  0.0000E+00
1  cu    -0.463104531860E-02  0.535299165384E+01 -0.510756368536E+01  0.533161450000E+00  0.0000E+00
1  cu    -0.155786590947E-01  0.575996672808E+01 -0.431841790657E+01  0.486058600000E+00  0.0000E+00
1  cu    -0.837134202357E+00  0.473927305087E+01 -0.638000388286E+01  0.524464275000E+00  0.0000E+00
1  cu    -0.501172098073E+00  0.698622423067E+01 -0.381814575678E+01  0.453991425000E+00  0.0000E+00
1  cu    -0.691191214726E+00  0.472957194220E+01 -0.506411538336E+01  0.509950100000E+00  0.0000E+00
1  cu    -0.182316023164E+00  0.711679959036E+01 -0.460485836941E+01  0.532316850000E+00  0.0000E+00
1  cu     0.720719918529E+00  0.609398657466E+01 -0.284940587703E+01  0.541695950000E+00  0.0000E+00
1  cu     0.228991111292E+00  0.732168987308E+01 -0.380888103762E+01  0.477623000000E+00  0.0000E+00
1  cu     0.769856445005E+00  0.589168801529E+01 -0.600008441082E+01  0.529355475000E+00  0.0000E+00
1  cu     0.713801318711E+00  0.592922896892E+01 -0.370810297598E+01  0.541157725000E+00  0.0000E+00
1  cu     0.396383559192E+00  0.658430892313E+01 -0.612848473578E+01  0.484247300000E+00  0.0000E+00
1  cu     0.760214871616E+00  0.458216296616E+01 -0.721996569224E+01  0.529090700000E+00  0.0000E+00
1  cu     0.408500503447E-01  0.555226313348E+01 -0.334795672305E+01  0.473836550000E+00  0.0000E+00
1  cu     0.104791013814E+00  0.651274786459E+01 -0.405845517611E+01  0.473501425000E+00  0.0000E+00
1  cu     0.786522259501E+00  0.466066506268E+01 -0.452367093426E+01  0.485548425000E+00  0.0000E+00
1  cu     0.759150636890E+00  0.673396296666E+01 -0.528383984895E+01  0.477052125000E+00  0.0000E+00
1  cu     0.737154753570E+00  0.392141966837E+01 -0.650829860210E+01  0.549854625000E+00  0.0000E+00
1  cu     0.769685042025E+00  0.529675966268E+01 -0.665395284479E+01  0.524011450000E+00  0.0000E+00
1  cu     0.755055335662E+00  0.637738590375E+01 -0.448867408891E+01  0.533567975000E+00  0.0000E+00
1  cu     0.319304753876E+00  0.525222423556E+01 -0.591545672303E+01  0.450721650000E+00  0.0000E+00
1  cu     0.459882005364E+00  0.509778742228E+01 -0.390125054116E+01  0.532953750000E+00  0.0000E+00
1  cu     0.742260793304E+00  0.450640179067E+01 -0.585027912298E+01  0.506066700000E+00  0.0000E+00
1  cu     0.751681616276E+00  0.507884896596E+01 -0.309929714737E+01  0.529008200000E+00  0.0000E+00
1  cu     0.790312396154E+00  0.508725058899E+01 -0.528408253107E+01  0.533161450000E+00  0.0000E+00
1  cu     0.759174634708E+00  0.551047550532E+01 -0.453226653642E+01  0.486058600000E+00  0.0000E+00
1  cu     0.207208305072E+00  0.469483328083E+01 -0.652832212938E+01  0.524464275000E+00  0.0000E+00
1  cu     0.822142612398E-01  0.660736412037E+01 -0.325843082694E+01  0.544873900000E+00  0.0000E+00
1  cu     0.811127131699E+00  0.680886350808E+01 -0.366335417535E+01  0.453991425000E+00  0.0000E+00
1  cu     0.155643673880E+00  0.441121108298E+01 -0.510252043694E+01  0.509950100000E+00  0.0000E+00
1  cu     0.739516200315E+00  0.725008062979E+01 -0.444799042080E+01  0.532316850000E+00  0.0000E+00
1  cu     0.720743243649E+00  0.730751389213E+01  0.405814549555E+01  0.491393325000E+00  0.0000E+00
1  cu    -0.118118580904E+01  0.682592134087E+01  0.365885229029E+01  0.491393325000E+00  0.0000E+00
1  cu    -0.121961525911E+01  0.754805353795E+01  0.334530524081E+01  0.480843650000E+00  0.0000E+00
1  cu    -0.133293416150E+01  0.832556602377E+01  0.323648514909E+01  0.486335475000E+00  0.0000E+00
1  cu    -0.119699884216E+01  0.826332163081E+01  0.405675454755E+01  0.540775100000E+00  0.0000E+00
1  cu    -0.116897604917E+01  0.657638087386E+01  0.521731202886E+01  0.464089875000E+00  0.0000E+00
1  cu    -0.129378405537E+01  0.714822631793E+01  0.460402334477E+01  0.451795900000E+00  0.0000E+00
1  cu     0.243843511541E-01  0.849424343796E+01  0.281453115919E+01  0.469442075000E+00  0.0000E+00
1  cu    -0.751517693147E+00  0.744957220354E+01  0.405947120238E+01  0.494620400000E+00  0.0000E+00
1  cu    -0.181209196149E+00  0.683150199372E+01  0.400358738041E+01  0.491393325000E+00  0.0000E+00
1  cu    -0.410015246393E+00  0.724184255753E+01  0.332778394392E+01  0.480843650000E+00  0.0000E+00
1  cu    -0.377409261585E+00  0.843864417559E+01  0.528066677746E+01  0.487372475000E+00  0.0000E+00
1  cu     0.126940845021E+00  0.853290294969E+01  0.358804901795E+01  0.486335475000E+00  0.0000E+00
1  cu    -0.135467630564E+00  0.564591128212E+01  0.368281800286E+01  0.477261350000E+00  0.0000E+00
1  cu    -0.732052439879E+00  0.622693777799E+01  0.359267887817E+01  0.491807100000E+00  0.0000E+00
1  cu    -0.234901302855E-02  0.799885209818E+01  0.214048361740E+01  0.470256925000E+00  0.0000E+00
1  cu    -0.235161817699E+00  0.823761886973E+01  0.432482521138E+01  0.540775100000E+00  0.0000E+00
1  cu    -0.796046961194E+00  0.571570735614E+01  0.424036593426E+01  0.498405750000E+00  0.0000E+00
1  cu    -0.214865737637E+00  0.611884951558E+01  0.475369868797E+01  0.479316975000E+00  0.0000E+00
1  cu    -0.876102662516E+00  0.653735728852E+01  0.441015335640E+01  0.534033525000E+00  0.0000E+00
1  cu    -0.500379619303E+00  0.613558535212E+01  0.561112004726E+01  0.531617600000E+00  0.0000E+00
1  cu    -0.394593616755E+00  0.730411330372E+01  0.228799092114E+01  0.453507850000E+00  0.0000E+00
1  cu    -0.882658829650E+00  0.780748459990E+01  0.482970307452E+01  0.549894350000E+00  0.0000E+00
1  cu    -0.863320124084E+00  0.677686577472E+01  0.283822150987E+01  0.521986725000E+00  0.0000E+00
1  cu    -0.276916637427E+00  0.610266535623E+01  0.292997035014E+01  0.534607300000E+00  0.0000E+00
1  cu    -0.367615121724E+00  0.706829499141E+01  0.592865898218E+01  0.521445900000E+00  0.0000E+00
1  cu    -0.112156359882E+01  0.732272014428E+01  0.546964231657E+01  0.487215950000E+00  0.0000E+00
1  cu    -0.457771725981E+00  0.691181538508E+01  0.506722631849E+01  0.464089875000E+00  0.0000E+00
1  cu    -0.652349417215E+00  0.791382081491E+01  0.276036014505E+01  0.542855450000E+00  0.0000E+00
1  cu    -0.545427384730E+00  0.808785525868E+01  0.353973287925E+01  0.460749650000E+00  0.0000E+00
1  cu    -0.286524818010E+00  0.764908127229E+01  0.531253140518E+01  0.451795900000E+00  0.0000E+00
1  cu    -0.780719493540E+00  0.790157499215E+01  0.582309416667E+01  0.474139800000E+00  0.0000E+00
1  cu    -0.129965803912E-01  0.747910081024E+01  0.455170312107E+01  0.494620400000E+00  0.0000E+00
1  cu     0.818607178897E+00  0.644428864617E+01  0.200183580656E+01  0.458186225000E+00  0.0000E+00
1  cu     0.741488805769E+00  0.704727631132E+01  0.332370488003E+01  0.480843650000E+00  0.0000E+00
1  cu     0.694960117091E+00  0.759891779027E+01  0.194662169789E+01  0.536420300000E+00  0.0000E+00
1  cu     0.787481105444E+00  0.805748897044E+01  0.334952481413E+01  0.486335475000E+00  0.0000E+00
1  cu     0.183794898463E+00  0.644241166318E+01  0.553324785843E+01  0.516353575000E+00  0.0000E+00
1  cu     0.838307707274E+00  0.587298953122E+01  0.360077039812E+01  0.477261350000E+00  0.0000E+00
1  cu     0.227210728718E+00  0.640858141860E+01  0.354690061028E+01  0.491807100000E+00  0.0000E+00
1  cu     0.773814929754E+00  0.826022921546E+01  0.249406592431E+01  0.470256925000E+00  0.0000E+00
1  cu     0.708469077651E+00  0.816569427261E+01  0.420659647155E+01  0.540775100000E+00  0.0000E+00
1  cu     0.796292978861E+00  0.777239820217E+01  0.585404449192E+01  0.525218200000E+00  0.0000E+00
1  cu     0.194284126138E+00  0.603378653339E+01  0.224723911741E+01  0.499512050000E+00  0.0000E+00
1  cu     0.383056195017E+00  0.586984527657E+01  0.426133266453E+01  0.498405750000E+00  0.0000E+00
1  cu     0.828009710734E+00  0.652005047622E+01  0.411115970380E+01  0.479316975000E+00  0.0000E+00
1  cu     0.316411938757E+00  0.674961076015E+01  0.468789874199E+01  0.534033525000E+00  0.0000E+00
1  cu     0.746450477103E+00  0.599901550175E+01  0.497863709903E+01  0.531617600000E+00  0.0000E+00
1  cu     0.812771652199E+00  0.704650345014E+01  0.251329984484E+01  0.453507850000E+00  0.0000E+00
1  cu     0.420341871253E+00  0.813509278017E+01  0.505362000771E+01  0.549894350000E+00  0.0000E+00
1  cu     0.814264711870E+00  0.607453998567E+01  0.586599061537E+01  0.470801600000E+00  0.0000E+00
1  cu     0.643125805399E-01  0.681837199820E+01  0.276551047850E+01  0.521986725000E+00  0.0000E+00
1  cu     0.760579425394E+00  0.624066300721E+01  0.284259799707E+01  0.534607300000E+00  0.0000E+00
1  cu     0.302549460133E+00  0.729283074566E+01  0.544181508005E+01  0.487215950000E+00  0.0000E+00
1  cu     0.875236030223E+00  0.679448105999E+01  0.530132945481E+01  0.464089875000E+00  0.0000E+00
1  cu     0.271168712935E+00  0.764613566458E+01  0.285349575290E+01  0.542855450000E+00  0.0000E+00
1  cu     0.181527331964E+00  0.690033367587E+01  0.195806463798E+01  0.456679175000E+00  0.0000E+00
1  cu     0.114386078977E+00  0.766562832479E+01  0.371804400486E+01  0.460749650000E+00  0.0000E+00
1  cu     0.816809402812E+00  0.745530961864E+01  0.482885944733E+01  0.451795900000E+00  0.0000E+00
1  cu     0.444270068639E-01  0.816001754468E+01  0.590226938053E+01  0.474139800000E+00  0.0000E+00
1  cu     0.660596154587E+00 -0.366267788547E+01 -0.908975557879E+01  0.534195100000E+00  0.0000E+00
1  cu    -0.121518369752E+01 -0.382263398201E+01 -0.908222931267E+01  0.534195100000E+00  0.0000E+00
1  cu    -0.172917835045E+01 -0.294782037149E+01 -0.835187951008E+01  0.545588800000E+00  0.0000E+00
1  cu    -0.134518449162E+01 -0.365793516024E+01 -0.793790203051E+01  0.465066150000E+00  0.0000E+00
1  cu    -0.124706940328E+01 -0.457704666240E+01 -0.853052348370E+01  0.451921675000E+00  0.0000E+00
1  cu    -0.185302471341E+01 -0.387713047198E+01 -0.851400342505E+01  0.514903200000E+00  0.0000E+00
1  cu    -0.348937787304E+00 -0.355896027544E+01 -0.910326677379E+01  0.534195100000E+00  0.0000E+00
1  cu    -0.271278143745E+00 -0.201583056354E+01 -0.784884684078E+01  0.515301850000E+00  0.0000E+00
1  cu    -0.425062709939E+00 -0.393192369053E+01 -0.696104131739E+01  0.457795900000E+00  0.0000E+00
1  cu    -0.331747515814E+00 -0.152184361807E+01 -0.850550675017E+01  0.548634350000E+00  0.0000E+00
1  cu    -0.995932352191E+00 -0.317510421529E+01 -0.737160761610E+01  0.510002475000E+00  0.0000E+00
1  cu    -0.762845064697E+00 -0.312294287268E+01 -0.831768072698E+01  0.545588800000E+00  0.0000E+00
1  cu    -0.509833684700E+00 -0.373771343096E+01 -0.768717522482E+01  0.465066150000E+00  0.0000E+00
1  cu     0.457424765097E-01 -0.424101993791E+01 -0.878148855579E+01  0.451921675000E+00  0.0000E+00
1  cu    -0.116577546632E+01 -0.301028881807E+01 -0.908981016788E+01  0.457848775000E+00  0.0000E+00
1  cu    -0.508310242563E+00 -0.262305434568E+01 -0.914782862267E+01  0.522766650000E+00  0.0000E+00
1  cu    -0.241493877379E+00 -0.504621894851E+01 -0.735801606877E+01  0.478334875000E+00  0.0000E+00
1  cu    -0.108304018298E+00 -0.292751599035E+01 -0.772091438094E+01  0.494052400000E+00  0.0000E+00
1  cu    -0.965876935213E+00 -0.226850255415E+01 -0.846535745919E+01  0.533327625000E+00  0.0000E+00
1  cu    -0.873972871693E+00 -0.458017875170E+01 -0.775578103990E+01  0.513464175000E+00  0.0000E+00
1  cu    -0.332426134002E+00 -0.317407150253E+01 -0.698306883624E+01  0.452261700000E+00  0.0000E+00
1  cu    -0.686395071166E+00 -0.403080015056E+01 -0.840113116850E+01  0.514903200000E+00  0.0000E+00
1  cu    -0.100460211983E+01 -0.185183184248E+01 -0.915163224285E+01  0.522023150000E+00  0.0000E+00
1  cu     0.684346669587E+00 -0.144735413997E+01 -0.778963824694E+01  0.515301850000E+00  0.0000E+00
1  cu     0.823497321075E+00 -0.405455664519E+01 -0.682490425413E+01  0.457795900000E+00  0.0000E+00
1  cu     0.692038719344E+00 -0.150205579107E+01 -0.876090400567E+01  0.548634350000E+00  0.0000E+00
1  cu     0.757807693154E+00 -0.280474602687E+01 -0.757417274175E+01  0.510002475000E+00  0.0000E+00
1  cu     0.668731101653E+00 -0.509936851271E+01 -0.740736714652E+01  0.485099350000E+00  0.0000E+00
1  cu     0.758470594864E+00 -0.301037505670E+01 -0.846443884211E+01  0.545588800000E+00  0.0000E+00
1  cu     0.817141690113E+00 -0.359093005765E+01 -0.783833502850E+01  0.465066150000E+00  0.0000E+00
1  cu     0.744833648526E+00 -0.411718332103E+01 -0.837836001989E+01  0.451921675000E+00  0.0000E+00
1  cu     0.242240760495E+00 -0.296472419262E+01 -0.916094978702E+01  0.457848775000E+00  0.0000E+00
1  cu     0.738238961916E+00 -0.233164006689E+01 -0.908220221184E+01  0.522766650000E+00  0.0000E+00
1  cu     0.228984157334E+00 -0.364054720860E+01 -0.737368045514E+01  0.497546375000E+00  0.0000E+00
1  cu     0.794222967624E+00 -0.434797594503E+01 -0.759454409384E+01  0.478334875000E+00  0.0000E+00
1  cu     0.719124716090E+00 -0.216978095504E+01 -0.814597729975E+01  0.494052400000E+00  0.0000E+00
1  cu    -0.695058465534E-02 -0.250132702821E+01 -0.848216163502E+01  0.533327625000E+00  0.0000E+00
1  cu     0.381678648165E-01 -0.439125650321E+01 -0.790562055795E+01  0.513464175000E+00  0.0000E+00
1  cu     0.835110527084E+00 -0.336194239013E+01 -0.701005272463E+01  0.452261700000E+00  0.0000E+00
1  cu     0.856284663019E-01 -0.354194545035E+01 -0.830203271924E+01  0.514903200000E+00  0.0000E+00
1  cu     0.170496725565E+00 -0.441369688429E+01 -0.701571755730E+01  0.500596050000E+00  0.0000E+00
1  cu    -0.245366432910E-01 -0.184473803887E+01 -0.917637947879E+01  0.522023150000E+00  0.0000E+00
1  cu     0.716020362934E+00  0.689063225252E+01  0.131443982019E+01  0.544077325000E+00  0.0000E+00
1  cu    -0.112398888262E+01  0.797660287358E+01  0.346457016244E+00  0.530062475000E+00  0.0000E+00
1  cu    -0.146847343844E+01  0.663682915759E+01  0.233730005527E+01  0.458186225000E+00  0.0000E+00
1  cu    -0.183805615702E+01  0.671818710143E+01  0.107248452006E+01  0.544077325000E+00  0.0000E+00
1  cu    -0.179849737110E+01  0.730265743217E+01  0.187032525743E+01  0.536420300000E+00  0.0000E+00
1  cu    -0.924246661486E+00  0.782966189235E+01  0.190388599020E+01  0.470256925000E+00  0.0000E+00
1  cu    -0.113037956758E+01  0.650171197620E+01  0.576747233181E+00  0.498030175000E+00  0.0000E+00
1  cu    -0.123626142913E+01  0.739572203282E+01  0.249625490622E+01  0.453507850000E+00  0.0000E+00
1  cu    -0.127453022885E+01  0.731669506343E+01 -0.227983373827E+00  0.502719300000E+00  0.0000E+00
1  cu    -0.122692887690E+01  0.546137643564E+01  0.167304137028E+01  0.475515425000E+00  0.0000E+00
1  cu    -0.124264239584E+01  0.563042675991E+01  0.803476770012E+00  0.516419900000E+00  0.0000E+00
1  cu    -0.984984300235E-01  0.799435054232E+01  0.550441451715E+00  0.530062475000E+00  0.0000E+00
1  cu    -0.230808636582E-01  0.835034736289E+01  0.141203083658E+01  0.542545425000E+00  0.0000E+00
1  cu    -0.456540089710E+00  0.650595010395E+01  0.206641546769E+01  0.458186225000E+00  0.0000E+00
1  cu    -0.120044180805E+01  0.731465637321E+01  0.113890279485E+01  0.544077325000E+00  0.0000E+00
1  cu    -0.194763110063E+00  0.745625225677E+01  0.142666954298E+01  0.536420300000E+00  0.0000E+00
1  cu    -0.784873138073E-01  0.668939026609E+01 -0.903933616667E+00  0.512550850000E+00  0.0000E+00
1  cu    -0.976682004743E+00  0.596489221809E+01  0.237420132062E+01  0.499512050000E+00  0.0000E+00
1  cu    -0.113727945942E+01  0.630295792343E+01  0.151452259469E+01  0.506528175000E+00  0.0000E+00
1  cu    -0.468289336335E+00  0.671159350247E+01  0.116230275322E+01  0.498030175000E+00  0.0000E+00
1  cu    -0.606045830330E-02  0.615295761766E+01 -0.268875590253E+00  0.518695000000E+00  0.0000E+00
1  cu    -0.844693077863E+00  0.807604553280E+01  0.114351011952E+01  0.524838775000E+00  0.0000E+00
1  cu    -0.513543543003E-02  0.720382753284E+01 -0.227483520346E+00  0.502719300000E+00  0.0000E+00
1  cu    -0.647527546238E+00  0.723687483313E+01  0.461802379265E+00  0.520832075000E+00  0.0000E+00
1  cu    -0.486610682952E+00  0.575367591306E+01  0.176343600894E+01  0.475515425000E+00  0.0000E+00
1  cu    -0.943799107972E+00  0.702210524537E+01  0.185349492061E+01  0.456679175000E+00  0.0000E+00
1  cu    -0.597976434499E+00  0.592418021829E+01  0.205313399558E+00  0.454837600000E+00  0.0000E+00
1  cu    -0.594034963325E+00  0.779864611360E+01 -0.221709885921E+00  0.492791200000E+00  0.0000E+00
1  cu    -0.725029264397E+00  0.665694129026E+01 -0.196267131099E+00  0.523801850000E+00  0.0000E+00
1  cu    -0.491872460956E+00  0.588856767305E+01  0.969572721687E+00  0.516419900000E+00  0.0000E+00
1  cu     0.747376153258E+00  0.766383960389E+01  0.211317314909E+00  0.530062475000E+00  0.0000E+00
1  cu     0.908424108643E-01  0.546954500551E+01  0.397951399749E+00  0.476466250000E+00  0.0000E+00
1  cu     0.705185990430E+00  0.676641416114E+01 -0.124415617951E+01  0.512550850000E+00  0.0000E+00
1  cu     0.237632486559E+00  0.539878427099E+01 -0.395461001185E+00  0.473921325000E+00  0.0000E+00
1  cu     0.236315429803E+00  0.758287171287E+01 -0.109747722201E+01  0.525990200000E+00  0.0000E+00
1  cu     0.160526700029E+00  0.621887470398E+01  0.142731675191E+01  0.506528175000E+00  0.0000E+00
1  cu     0.828663387199E-01  0.534581191116E+01  0.116338511509E+01  0.456271400000E+00  0.0000E+00
1  cu     0.806384021145E+00  0.664751392035E+01  0.508357822638E+00  0.498030175000E+00  0.0000E+00
1  cu     0.766080670488E+00  0.587220233496E+01  0.726473289747E-01  0.518695000000E+00  0.0000E+00
1  cu     0.672162859800E+00  0.774587185759E+01  0.108369327171E+01  0.524838775000E+00  0.0000E+00
1  cu     0.814777428800E+00  0.743365043381E+01 -0.618931294486E+00  0.502719300000E+00  0.0000E+00
1  cu     0.158750830622E+00  0.711978068347E+01  0.627369432939E+00  0.520832075000E+00  0.0000E+00
1  cu     0.811624805271E+00  0.570581209969E+01  0.170675980498E+01  0.475515425000E+00  0.0000E+00
1  cu     0.514240721297E-01  0.631460759176E+01  0.535635642321E+00  0.454837600000E+00  0.0000E+00
1  cu     0.198548348277E+00  0.802475820687E+01 -0.306359483807E+00  0.492791200000E+00  0.0000E+00
1  cu     0.696273813144E+00  0.669836304045E+01 -0.307815338249E+00  0.523801850000E+00  0.0000E+00
1  cu     0.791743968046E+00  0.594665170789E+01 -0.807384159892E+00  0.514383850000E+00  0.0000E+00
1  cu     0.727043929711E+00  0.586345166716E+01  0.914549769302E+00  0.516419900000E+00  0.0000E+00
1  cu     0.158180979032E+00 -0.637671781468E+01  0.200609454816E-01  0.517697800000E+00  0.0000E+00
1  cu    -0.115314067220E+01 -0.683683011614E+01  0.766295462706E+00  0.494342675000E+00  0.0000E+00
1  cu    -0.186331381699E+01 -0.736926831701E+01 -0.916001896869E+00  0.491937675000E+00  0.0000E+00
1  cu    -0.184117663453E+01 -0.543759139293E+01  0.503134725381E+00  0.543328125000E+00  0.0000E+00
1  cu    -0.183252737065E+01 -0.565214752990E+01  0.135243731414E+01  0.513933750000E+00  0.0000E+00
1  cu    -0.183858087769E+01 -0.630453550134E+01  0.350475228703E+00  0.517697800000E+00  0.0000E+00
1  cu    -0.120347248899E+01 -0.787502807764E+01 -0.996405787757E+00  0.512918050000E+00  0.0000E+00
1  cu    -0.121251135538E+01 -0.492192808750E+01  0.200961244579E+00  0.466843725000E+00  0.0000E+00
1  cu    -0.101510179109E+01 -0.512049001920E+01 -0.149022568738E+01  0.517482900000E+00  0.0000E+00
1  cu    -0.183793770130E+01 -0.655174611758E+01  0.123060887466E+01  0.536514625000E+00  0.0000E+00
1  cu    -0.121086396041E+01 -0.667894171369E+01 -0.114173629800E-01  0.461892675000E+00  0.0000E+00
1  cu    -0.130473106080E+01 -0.672930719553E+01 -0.800434801570E+00  0.498395925000E+00  0.0000E+00
1  cu    -0.120707846128E+01 -0.598862487807E+01  0.860526680460E+00  0.476315050000E+00  0.0000E+00
1  cu    -0.185527182408E+01 -0.611267439387E+01 -0.582387319358E+00  0.533555600000E+00  0.0000E+00
1  cu    -0.185503050599E+01 -0.521153545942E+01 -0.302184680674E+00  0.467662925000E+00  0.0000E+00
1  cu    -0.118663415015E+01 -0.578113989832E+01 -0.598813971250E-01  0.547385650000E+00  0.0000E+00
1  cu    -0.182599211196E+01 -0.712072220379E+01  0.532081733805E+00  0.458728275000E+00  0.0000E+00
1  cu    -0.126646923593E+01 -0.634135537058E+01 -0.178156307335E+01  0.488770850000E+00  0.0000E+00
1  cu    -0.190832493494E+01 -0.695683187599E+01 -0.232134661509E+00  0.472949975000E+00  0.0000E+00
1  cu    -0.124085639163E+01 -0.713069867512E+01 -0.150796588356E+01  0.486835150000E+00  0.0000E+00
1  cu    -0.179950250949E+01 -0.534862213905E+01 -0.108914547685E+01  0.513934600000E+00  0.0000E+00
1  cu    -0.125658272279E+01 -0.769084263160E+01  0.100764004856E+01  0.478903975000E+00  0.0000E+00
1  cu    -0.123008312724E+01 -0.514645321131E+01  0.104008485388E+01  0.472177725000E+00  0.0000E+00
1  cu    -0.477375363529E+00 -0.704641347902E+01  0.273679316179E-01  0.494342675000E+00  0.0000E+00
1  cu    -0.658601056039E+00 -0.722981359738E+01 -0.838007351348E+00  0.491937675000E+00  0.0000E+00
1  cu    -0.555380272059E+00 -0.785071241811E+01 -0.297129602942E+00  0.505892375000E+00  0.0000E+00
1  cu    -0.565109600780E+00 -0.541190592185E+01  0.599437442113E+00  0.543328125000E+00  0.0000E+00
1  cu    -0.641245218658E+00 -0.680833599601E+01 -0.206275025628E+01  0.518024600000E+00  0.0000E+00
1  cu    -0.615326722964E+00 -0.585180481811E+01 -0.172416354693E+01  0.472682725000E+00  0.0000E+00
1  cu    -0.596247131814E+00 -0.765595248576E+01 -0.162723982413E+01  0.528277600000E+00  0.0000E+00
1  cu    -0.578654664511E+00 -0.630012604477E+01  0.402518420723E+00  0.517697800000E+00  0.0000E+00
1  cu    -0.611116725568E+00 -0.642828473884E+01 -0.480744740716E+00  0.461892675000E+00  0.0000E+00
1  cu     0.802150918703E-01 -0.688793062944E+01 -0.656873001063E+00  0.498395925000E+00  0.0000E+00
1  cu    -0.106975443894E+01 -0.588422893630E+01 -0.993458030878E+00  0.533555600000E+00  0.0000E+00
1  cu    -0.111557713766E+01 -0.506630124844E+01 -0.601258372614E+00  0.467662925000E+00  0.0000E+00
1  cu    -0.318313276828E+00 -0.568489558977E+01 -0.274149622563E+00  0.547385650000E+00  0.0000E+00
1  cu    -0.559296053049E+00 -0.728000902215E+01  0.104694098423E+01  0.458728275000E+00  0.0000E+00
1  cu     0.279326307158E-01 -0.637377611940E+01 -0.179114294977E+01  0.488770850000E+00  0.0000E+00
1  cu    -0.129719676453E+01 -0.744926691967E+01 -0.244317582302E+00  0.472949975000E+00  0.0000E+00
1  cu     0.273148645589E-01 -0.708149004979E+01 -0.146364149728E+01  0.486835150000E+00  0.0000E+00
1  cu    -0.322666782356E+00 -0.536451647079E+01 -0.108817460237E+01  0.513934600000E+00  0.0000E+00
1  cu    -0.523519781699E-01 -0.736825061493E+01 -0.229189754044E+01  0.533262300000E+00  0.0000E+00
1  cu    -0.606338335804E+00 -0.655801364007E+01 -0.127289135974E+01  0.460730925000E+00  0.0000E+00
1  cu    -0.934468894395E+00 -0.753129461148E+01  0.392328001907E+00  0.454642400000E+00  0.0000E+00
1  cu     0.778650676698E+00 -0.688461833496E+01  0.203725356843E+00  0.494342675000E+00  0.0000E+00
1  cu     0.702700095123E-01 -0.767870652481E+01 -0.896027462563E+00  0.491937675000E+00  0.0000E+00
1  cu     0.267742320517E+00 -0.529357488090E+01  0.381574456917E+00  0.543328125000E+00  0.0000E+00
1  cu     0.688416725849E+00 -0.685086938317E+01 -0.209712676900E+01  0.518024600000E+00  0.0000E+00
1  cu     0.143814717112E+00 -0.558196677036E+01 -0.174528399364E+01  0.472682725000E+00  0.0000E+00
1  cu     0.755277444971E+00 -0.507251053957E+01 -0.174658984838E+01  0.517482900000E+00  0.0000E+00
1  cu     0.187764172825E+00 -0.613873634587E+01 -0.255636306429E+01  0.532144675000E+00  0.0000E+00
1  cu     0.799576593446E+00 -0.649396274525E+01 -0.544656522824E+00  0.461892675000E+00  0.0000E+00
1  cu     0.794673967091E+00 -0.732362374955E+01 -0.603929919627E+00  0.498395925000E+00  0.0000E+00
1  cu     0.780533970032E-01 -0.612101030558E+01 -0.966611915461E+00  0.533555600000E+00  0.0000E+00
1  cu     0.240903860869E+00 -0.510996864567E+01 -0.609601235615E+00  0.467662925000E+00  0.0000E+00
1  cu     0.800322482224E+00 -0.797690138264E+01  0.222307470543E-01  0.514275475000E+00  0.0000E+00
1  cu     0.718652055531E+00 -0.572048956465E+01 -0.281240497397E+00  0.547385650000E+00  0.0000E+00
1  cu     0.802804402689E+00 -0.601879779717E+01 -0.191787056425E+01  0.488770850000E+00  0.0000E+00
1  cu     0.209398459392E+00 -0.745176217864E+01 -0.403902475293E-01  0.472949975000E+00  0.0000E+00
1  cu     0.768068069876E+00 -0.743705775635E+01 -0.144704458013E+01  0.486835150000E+00  0.0000E+00
1  cu     0.755148873409E+00 -0.564103913782E+01 -0.112834003029E+01  0.513934600000E+00  0.0000E+00
1  cu     0.732893572302E+00 -0.660231745359E+01 -0.128989797491E+01  0.460730925000E+00  0.0000E+00
1  cu    -0.206101508704E+00 -0.771924413034E+01  0.494867580549E+00  0.454642400000E+00  0.0000E+00
1  cu     0.828526680238E+00 -0.488387181782E+01 -0.670283490130E+01  0.464346375000E+00  0.0000E+00
1  cu    -0.125563063984E+01 -0.521888093841E+01 -0.658270032175E+01  0.464346375000E+00  0.0000E+00
1  cu    -0.122868748501E+01 -0.433569877763E+01 -0.648409692654E+01  0.457795900000E+00  0.0000E+00
1  cu    -0.105802671917E+01 -0.481455026836E+01 -0.588188922900E+01  0.520887550000E+00  0.0000E+00
1  cu    -0.801822344370E+00 -0.522593570100E+01 -0.516004938571E+01  0.541214175000E+00  0.0000E+00
1  cu    -0.615367044177E+00 -0.436788533733E+01 -0.532087037961E+01  0.461965025000E+00  0.0000E+00
1  cu     0.974891957612E-01 -0.500276517916E+01 -0.655352991017E+01  0.464346375000E+00  0.0000E+00
1  cu    -0.936917243770E+00 -0.607844230248E+01 -0.689102544979E+01  0.549801700000E+00  0.0000E+00
1  cu    -0.513536734613E+00 -0.541933498689E+01 -0.653537390743E+01  0.457264200000E+00  0.0000E+00
1  cu    -0.910121263000E+00 -0.354627592847E+01 -0.646025664659E+01  0.511220200000E+00  0.0000E+00
1  cu    -0.100141876360E+01 -0.571561203311E+01 -0.593646211371E+01  0.529952825000E+00  0.0000E+00
1  cu    -0.166460255377E+00 -0.501735117471E+01 -0.576406195516E+01  0.520887550000E+00  0.0000E+00
1  cu    -0.109980605113E+01 -0.523806186220E+01 -0.733027219947E+01  0.485099350000E+00  0.0000E+00
1  cu    -0.249287761107E+00 -0.593566802929E+01 -0.546492244733E+01  0.531032075000E+00  0.0000E+00
1  cu    -0.116902929182E+01 -0.401654224394E+01 -0.720297166488E+01  0.497546375000E+00  0.0000E+00
1  cu    -0.360595656195E+00 -0.427715468633E+01 -0.618366982869E+01  0.516728000000E+00  0.0000E+00
1  cu    -0.326548771498E+00 -0.633840251130E+01 -0.630850756688E+01  0.533248100000E+00  0.0000E+00
1  cu    -0.684972597791E+00 -0.468303444942E+01 -0.685496271943E+01  0.500596050000E+00  0.0000E+00
1  cu    -0.103479603921E+00 -0.471518248489E+01 -0.487513925509E+01  0.452700125000E+00  0.0000E+00
1  cu     0.321507008820E+00 -0.532359882017E+01 -0.506554547979E+01  0.541214175000E+00  0.0000E+00
1  cu     0.147483527364E+00 -0.425863349631E+01 -0.544392836095E+01  0.461965025000E+00  0.0000E+00
1  cu     0.530797655918E-01 -0.581537057032E+01 -0.705048406028E+01  0.549801700000E+00  0.0000E+00
1  cu     0.816089088408E+00 -0.567433775847E+01 -0.676297532831E+01  0.457264200000E+00  0.0000E+00
1  cu     0.226760504402E+00 -0.572583891718E+01 -0.615476443295E+01  0.529952825000E+00  0.0000E+00
1  cu     0.191284453857E+00 -0.669281482440E+01 -0.568882680983E+01  0.503997575000E+00  0.0000E+00
1  cu     0.769408338513E+00 -0.518476227914E+01 -0.588377542070E+01  0.520887550000E+00  0.0000E+00
1  cu     0.251386936919E+00 -0.616595191937E+01 -0.472467574333E+01  0.512039575000E+00  0.0000E+00
1  cu     0.754624216344E+00 -0.600201795064E+01 -0.543709879953E+01  0.531032075000E+00  0.0000E+00
1  cu     0.582747632088E+00 -0.437223781454E+01 -0.613197707829E+01  0.516728000000E+00  0.0000E+00
1  cu     0.717898030110E+00 -0.478136978127E+01 -0.451879091172E+01  0.506750950000E+00  0.0000E+00
1  cu     0.772790062383E+00 -0.639488548346E+01 -0.627367508924E+01  0.533248100000E+00  0.0000E+00
1  cu     0.799358230918E+00 -0.458850100283E+01 -0.532136220762E+01  0.452700125000E+00  0.0000E+00
1  cu     0.254940460651E+00 -0.665557410787E+01  0.720106498807E+01  0.529094000000E+00  0.0000E+00
1  cu    -0.117353879712E+01 -0.786631979876E+01  0.784598389258E+01  0.450498875000E+00  0.0000E+00
1  cu    -0.190749863188E+01 -0.754974681164E+01  0.689894200933E+01  0.459777300000E+00  0.0000E+00
1  cu    -0.125844301268E+01 -0.794872774531E+01  0.700847104084E+01  0.499187400000E+00  0.0000E+00
1  cu    -0.117517180430E+01 -0.568831612869E+01  0.593412478118E+01  0.484385200000E+00  0.0000E+00
1  cu    -0.181598296779E+01 -0.668238359348E+01  0.683783822219E+01  0.529094000000E+00  0.0000E+00
1  cu    -0.115658701518E+01 -0.728870987494E+01  0.663129069707E+01  0.470720450000E+00  0.0000E+00
1  cu    -0.180083141854E+01 -0.582715058278E+01  0.649675847504E+01  0.543868175000E+00  0.0000E+00
1  cu    -0.175063407087E+01 -0.686477998072E+01  0.841664443353E+01  0.523409200000E+00  0.0000E+00
1  cu    -0.180712620984E+01 -0.715280710610E+01  0.607845163171E+01  0.516781625000E+00  0.0000E+00
1  cu    -0.126966701050E+01 -0.588013006173E+01  0.724853630196E+01  0.452312675000E+00  0.0000E+00
1  cu    -0.183932495860E+01 -0.633770150987E+01  0.764638423353E+01  0.534488950000E+00  0.0000E+00
1  cu    -0.113185495680E+01 -0.648143153852E+01  0.632804600528E+01  0.515262475000E+00  0.0000E+00
1  cu    -0.104518599250E+01 -0.614512379661E+01  0.908321044612E+01  0.464710475000E+00  0.0000E+00
1  cu    -0.120878691415E+01 -0.606973272544E+01  0.519674305862E+01  0.535181200000E+00  0.0000E+00
1  cu    -0.184117459965E+01 -0.636453462664E+01  0.577869202246E+01  0.526359500000E+00  0.0000E+00
1  cu    -0.166842921839E+01 -0.722650376054E+01  0.760907539654E+01  0.533668025000E+00  0.0000E+00
1  cu    -0.172961371734E+01 -0.548065186365E+01  0.785869026965E+01  0.537456900000E+00  0.0000E+00
1  cu    -0.117659394689E+01 -0.766994591538E+01  0.584640296894E+01  0.458719125000E+00  0.0000E+00
1  cu    -0.330687915530E+00 -0.772113651368E+01  0.802428135965E+01  0.450498875000E+00  0.0000E+00
1  cu    -0.810589845877E+00 -0.737216095758E+01  0.744826761447E+01  0.459777300000E+00  0.0000E+00
1  cu    -0.583338303966E+00 -0.542349926029E+01  0.915726228336E+01  0.489369875000E+00  0.0000E+00
1  cu    -0.526353541628E+00 -0.809341457966E+01  0.725864260070E+01  0.499187400000E+00  0.0000E+00
1  cu     0.174524952850E+00 -0.592014745102E+01  0.597004127824E+01  0.484385200000E+00  0.0000E+00
1  cu    -0.483350149625E+00 -0.588341317627E+01  0.856034772922E+01  0.463859625000E+00  0.0000E+00
1  cu    -0.111944711092E+01 -0.508273923732E+01  0.728501981223E+01  0.472931050000E+00  0.0000E+00
1  cu    -0.963557875041E+00 -0.729477539373E+01  0.833765664478E+01  0.502015700000E+00  0.0000E+00
1  cu    -0.953529384505E+00 -0.662950892777E+01  0.719754702934E+01  0.529094000000E+00  0.0000E+00
1  cu    -0.424259016627E+00 -0.556786362183E+01  0.547039869971E+01  0.471731675000E+00  0.0000E+00
1  cu    -0.564927980923E+00 -0.741703407274E+01  0.524717525865E+01  0.541742000000E+00  0.0000E+00
1  cu    -0.341288546809E+00 -0.719587426057E+01  0.685117163633E+01  0.470720450000E+00  0.0000E+00
1  cu    -0.722092573112E+00 -0.568928506800E+01  0.667086325749E+01  0.543868175000E+00  0.0000E+00
1  cu    -0.570269767810E+00 -0.792473532749E+01  0.645588572816E+01  0.459083225000E+00  0.0000E+00
1  cu    -0.119773478052E+01 -0.689510472540E+01  0.548499670827E+01  0.496568975000E+00  0.0000E+00
1  cu    -0.117548508151E+01 -0.553849097215E+01  0.854995520505E+01  0.451517475000E+00  0.0000E+00
1  cu     0.106283573622E-01 -0.534026386797E+01  0.648269755927E+01  0.485692025000E+00  0.0000E+00
1  cu    -0.407100714074E+00 -0.666724513717E+01  0.863843022861E+01  0.523409200000E+00  0.0000E+00
1  cu    -0.106391055001E+01 -0.788706516964E+01  0.905505504865E+01  0.512152900000E+00  0.0000E+00
1  cu    -0.549434281154E+00 -0.713607259558E+01  0.607032914326E+01  0.516781625000E+00  0.0000E+00
1  cu    -0.390953986897E+00 -0.605210758341E+01  0.733387118753E+01  0.452312675000E+00  0.0000E+00
1  cu    -0.289648391294E+00 -0.748370882562E+01  0.906471783619E+01  0.505883150000E+00  0.0000E+00
1  cu    -0.104674489325E+01 -0.632139253601E+01  0.807535843702E+01  0.534488950000E+00  0.0000E+00
1  cu    -0.222554492889E+00 -0.638223519499E+01  0.656510478497E+01  0.515262475000E+00  0.0000E+00
1  cu     0.884113238101E-01 -0.588958059790E+01  0.909104476139E+01  0.464710475000E+00  0.0000E+00
1  cu    -0.530598065868E+00 -0.631715813489E+01  0.573753099127E+01  0.526359500000E+00  0.0000E+00
1  cu    -0.106006043071E+01 -0.697364337172E+01  0.911530506492E+01  0.488147300000E+00  0.0000E+00
1  cu    -0.265733494321E+00 -0.688101326006E+01  0.783832189512E+01  0.533668025000E+00  0.0000E+00
1  cu    -0.671173182424E+00 -0.546553396247E+01  0.784704755992E+01  0.537456900000E+00  0.0000E+00
1  cu     0.397888610731E-01 -0.771466384245E+01  0.586512316243E+01  0.458719125000E+00  0.0000E+00
1  cu     0.819543621159E+00 -0.793757993908E+01  0.802977593346E+01  0.450498875000E+00  0.0000E+00
1  cu     0.965859968356E-01 -0.752200126075E+01  0.738926781247E+01  0.459777300000E+00  0.0000E+00
1  cu     0.746908636615E+00 -0.537710753203E+01  0.912667968231E+01  0.489369875000E+00  0.0000E+00
1  cu     0.768114293389E+00 -0.796501602502E+01  0.719295936185E+01  0.499187400000E+00  0.0000E+00
1  cu     0.767192068176E+00 -0.556667919960E+01  0.550372546692E+01  0.484385200000E+00  0.0000E+00
1  cu     0.769775775342E+00 -0.579428888048E+01  0.845243061346E+01  0.463859625000E+00  0.0000E+00
1  cu    -0.115134472640E+00 -0.520322769058E+01  0.727562190009E+01  0.472931050000E+00  0.0000E+00
1  cu     0.256622430802E+00 -0.741774533914E+01  0.843861484306E+01  0.502015700000E+00  0.0000E+00
1  cu     0.774165031132E+00 -0.719352962977E+01  0.687334975230E+01  0.470720450000E+00  0.0000E+00
1  cu     0.459003067505E+00 -0.580604245758E+01  0.705179441154E+01  0.543868175000E+00  0.0000E+00
1  cu     0.170030047958E+00 -0.777379590753E+01  0.663393726993E+01  0.459083225000E+00  0.0000E+00
1  cu     0.963891062144E-01 -0.536683600978E+01  0.846637495413E+01  0.451517475000E+00  0.0000E+00
1  cu     0.793642748069E+00 -0.545715159483E+01  0.630634681739E+01  0.485692025000E+00  0.0000E+00
1  cu     0.616655128624E+00 -0.661474971816E+01  0.842217310682E+01  0.523409200000E+00  0.0000E+00
1  cu     0.303649123563E+00 -0.699033770174E+01  0.620793389465E+01  0.516781625000E+00  0.0000E+00
1  cu     0.831501253469E+00 -0.625186256245E+01  0.768243549355E+01  0.452312675000E+00  0.0000E+00
1  cu     0.764257028015E+00 -0.713689170139E+01  0.909347514390E+01  0.505883150000E+00  0.0000E+00
1  cu     0.768747780933E-01 -0.604794163682E+01  0.797218082331E+01  0.534488950000E+00  0.0000E+00
1  cu     0.772015079924E+00 -0.635937238474E+01  0.649412872220E+01  0.515262475000E+00  0.0000E+00
1  cu     0.550959074454E-01 -0.800487802361E+01  0.505847560243E+01  0.528595125000E+00  0.0000E+00
1  cu     0.787185757364E+00 -0.624139648920E+01  0.914261570820E+01  0.464710475000E+00  0.0000E+00
1  cu     0.907852414695E-01 -0.670167309400E+01  0.918097755736E+01  0.488147300000E+00  0.0000E+00
1  cu     0.747183062634E+00 -0.715520403019E+01  0.774792663411E+01  0.533668025000E+00  0.0000E+00
1  cu     0.703110656754E+00 -0.534532527996E+01  0.774726747504E+01  0.537456900000E+00  0.0000E+00
1  cu     0.807762504755E+00 -0.766138025631E+01  0.623907447570E+01  0.458719125000E+00  0.0000E+00
1  cu     0.673290227804E+00  0.128298405988E+00 -0.910207116043E+01  0.496783725000E+00  0.0000E+00
1  cu    -0.121419739595E+01  0.993238525082E+00 -0.799331808832E+01  0.486486125000E+00  0.0000E+00
1  cu    -0.107359772384E+01  0.621279635001E+00 -0.909339411537E+01  0.496783725000E+00  0.0000E+00
1  cu    -0.133427487222E+01 -0.117754243977E+01 -0.858077516683E+01  0.548634350000E+00  0.0000E+00
1  cu    -0.114267099392E+01  0.529770434820E-01 -0.835378385197E+01  0.478126175000E+00  0.0000E+00
1  cu    -0.179766093101E+01  0.148843470067E+00 -0.910297736043E+01  0.521054400000E+00  0.0000E+00
1  cu    -0.662617546644E+00 -0.459501707004E+00 -0.762616476119E+01  0.474376025000E+00  0.0000E+00
1  cu    -0.223564678736E+00  0.115058141944E+01 -0.787469655523E+01  0.486486125000E+00  0.0000E+00
1  cu    -0.257274340337E+00 -0.114420762057E+01 -0.776891232967E+01  0.464065700000E+00  0.0000E+00
1  cu    -0.292907323704E+00  0.227475563006E+00 -0.912563361280E+01  0.496783725000E+00  0.0000E+00
1  cu    -0.585208039546E+00  0.668879414436E+00 -0.843118675308E+01  0.509094550000E+00  0.0000E+00
1  cu    -0.161223478656E+00 -0.669212148898E-01 -0.829035448574E+01  0.478126175000E+00  0.0000E+00
1  cu    -0.101713852884E+01 -0.319634578857E+00 -0.910068969944E+01  0.521054400000E+00  0.0000E+00
1  cu    -0.449582968891E+00  0.193133229568E+01 -0.920239593948E+01  0.458412775000E+00  0.0000E+00
1  cu    -0.193024471461E+00  0.171258247307E+01 -0.842954605519E+01  0.529356950000E+00  0.0000E+00
1  cu    -0.261537636928E+00  0.111826863323E+01 -0.912424622339E+01  0.532679700000E+00  0.0000E+00
1  cu    -0.625324291194E+00 -0.676973623649E+00 -0.841036341675E+01  0.521347225000E+00  0.0000E+00
1  cu    -0.635184503270E+00 -0.109953767018E+01 -0.917959477608E+01  0.486751950000E+00  0.0000E+00
1  cu    -0.988866743354E+00  0.139306265521E+01 -0.864574793613E+01  0.487631375000E+00  0.0000E+00
1  cu    -0.743910283192E+00  0.360691117993E+00 -0.764325864255E+01  0.545983325000E+00  0.0000E+00
1  cu     0.166116961496E+00 -0.465150814765E+00 -0.759787500493E+01  0.474376025000E+00  0.0000E+00
1  cu     0.857027371548E+00 -0.644077673360E+00 -0.778857771658E+01  0.464065700000E+00  0.0000E+00
1  cu     0.494247741175E+00  0.157803940932E+01 -0.780373438896E+01  0.480677100000E+00  0.0000E+00
1  cu     0.224250023094E+00  0.631386072539E+00 -0.857344086513E+01  0.509094550000E+00  0.0000E+00
1  cu     0.733769632144E+00 -0.177639065982E-01 -0.826989550964E+01  0.478126175000E+00  0.0000E+00
1  cu    -0.212779563754E-01 -0.536177831418E+00 -0.909436207975E+01  0.521054400000E+00  0.0000E+00
1  cu     0.768774531167E+00  0.237240972984E+01 -0.918824224648E+01  0.458412775000E+00  0.0000E+00
1  cu     0.154875597234E+00  0.245567776362E+01 -0.832408187116E+01  0.522379975000E+00  0.0000E+00
1  cu     0.761359456266E+00  0.178607190023E+01 -0.852081140941E+01  0.529356950000E+00  0.0000E+00
1  cu     0.717364954954E+00  0.106457229302E+01 -0.909265561837E+01  0.532679700000E+00  0.0000E+00
1  cu     0.303422876354E+00 -0.823777092629E+00 -0.835388336617E+01  0.521347225000E+00  0.0000E+00
1  cu     0.783471836696E+00 -0.711844087628E+00 -0.908954972329E+01  0.486751950000E+00  0.0000E+00
1  cu     0.282492412835E+00  0.180587966911E+01 -0.915944507629E+01  0.454688525000E+00  0.0000E+00
1  cu     0.809591693381E+00  0.925517646559E+00 -0.816733752138E+01  0.487631375000E+00  0.0000E+00
1  cu     0.207771389129E+00  0.442319615579E+00 -0.770008341877E+01  0.545983325000E+00  0.0000E+00
1  cu     0.781476061703E+00  0.605391521652E+01 -0.166086001504E+01  0.465848675000E+00  0.0000E+00
1  cu    -0.126009254812E+01  0.513243791926E+01 -0.187410298861E+01  0.507173750000E+00  0.0000E+00
1  cu    -0.115853507359E+01  0.586454364793E+01 -0.279063784266E+01  0.541695950000E+00  0.0000E+00
1  cu    -0.132711298759E+01  0.671715972721E+01 -0.856135291808E+00  0.512550850000E+00  0.0000E+00
1  cu    -0.130436642876E+01  0.598267018400E+01 -0.149433028363E+01  0.465848675000E+00  0.0000E+00
1  cu    -0.136017657241E+01  0.669722582877E+01 -0.225064014949E+01  0.542879800000E+00  0.0000E+00
1  cu    -0.946023159718E+00  0.729313980735E+01 -0.181495664718E+01  0.513198925000E+00  0.0000E+00
1  cu    -0.211873894755E+00  0.601931180044E+01 -0.270750284143E+01  0.541695950000E+00  0.0000E+00
1  cu    -0.616813512555E+00  0.533148610230E+01 -0.233665660792E+01  0.479638250000E+00  0.0000E+00
1  cu    -0.215006356545E+00  0.737970264605E+01 -0.313342668491E+01  0.450748350000E+00  0.0000E+00
1  cu    -0.549827408351E+00  0.538119298599E+01 -0.416975568260E+00  0.473921325000E+00  0.0000E+00
1  cu    -0.690228615796E+00  0.732024425579E+01 -0.931366514711E+00  0.525990200000E+00  0.0000E+00
1  cu    -0.610287065176E-01  0.637979388203E+01 -0.165640849324E+01  0.465848675000E+00  0.0000E+00
1  cu    -0.584086672797E+00  0.549121833594E+01 -0.147811003832E+01  0.522442825000E+00  0.0000E+00
1  cu    -0.353952517069E+00  0.688151129825E+01 -0.239076897214E+01  0.542879800000E+00  0.0000E+00
1  cu    -0.598166082323E+00  0.496164013577E+01 -0.309973382909E+01  0.529008200000E+00  0.0000E+00
1  cu    -0.197924488821E+00  0.809290246199E+01 -0.165964866762E+01  0.496128650000E+00  0.0000E+00
1  cu    -0.754076802052E+00  0.609646343044E+01 -0.206160677258E+01  0.502043725000E+00  0.0000E+00
1  cu    -0.858913814797E+00  0.669267809073E+01 -0.305720492540E+01  0.544873900000E+00  0.0000E+00
1  cu     0.108260356432E+00  0.521044037686E+01 -0.262720471989E+01  0.465098600000E+00  0.0000E+00
1  cu    -0.790324562639E+00  0.661746778884E+01 -0.146134921569E+01  0.493048775000E+00  0.0000E+00
1  cu    -0.771320229529E+00  0.603652291786E+01 -0.823413990874E+00  0.514383850000E+00  0.0000E+00
1  cu     0.457390859667E-01  0.767443644039E+01 -0.240944922254E+01  0.519953600000E+00  0.0000E+00
1  cu     0.738318787504E+00  0.736835040802E+01 -0.186713670316E+01  0.513198925000E+00  0.0000E+00
1  cu     0.700054246503E+00  0.525831260257E+01 -0.155352929428E+01  0.507173750000E+00  0.0000E+00
1  cu     0.104765230187E+00  0.572859312366E+01 -0.200088444367E+01  0.479638250000E+00  0.0000E+00
1  cu     0.817735343673E-01  0.579125637666E+01 -0.111928433930E+01  0.522442825000E+00  0.0000E+00
1  cu     0.687394425774E+00  0.709307995021E+01 -0.279680153034E+01  0.542879800000E+00  0.0000E+00
1  cu     0.777465237957E+00  0.819436492472E+01 -0.872720841126E+00  0.450807825000E+00  0.0000E+00
1  cu     0.499405566841E+00  0.658018265415E+01 -0.215598056943E+01  0.502043725000E+00  0.0000E+00
1  cu     0.800118687216E+00  0.551897910723E+01 -0.231546705316E+01  0.465098600000E+00  0.0000E+00
1  cu    -0.102081619905E+00  0.718456026812E+01 -0.166560469958E+01  0.493048775000E+00  0.0000E+00
1  cu     0.793455066340E+00 -0.643894229682E+01 -0.408180461365E+01  0.534868500000E+00  0.0000E+00
1  cu    -0.122439295519E+01 -0.673224850857E+01 -0.272686505080E+01  0.512817350000E+00  0.0000E+00
1  cu    -0.124944157097E+01 -0.533722817844E+01 -0.448088199431E+01  0.457236625000E+00  0.0000E+00
1  cu    -0.125434913061E+01 -0.613663173127E+01 -0.419594442861E+01  0.534868500000E+00  0.0000E+00
1  cu    -0.183777251690E+01 -0.686906924372E+01 -0.396689140800E+01  0.537227700000E+00  0.0000E+00
1  cu    -0.109194011121E+01 -0.616736781031E+01 -0.514075369743E+01  0.531032075000E+00  0.0000E+00
1  cu    -0.118954674916E+01 -0.593220026330E+01 -0.329012705359E+01  0.519520075000E+00  0.0000E+00
1  cu    -0.121937367715E+01 -0.751685831952E+01 -0.382628225836E+01  0.537483725000E+00  0.0000E+00
1  cu    -0.116637844154E+01 -0.726539205228E+01 -0.522744356704E+01  0.496103650000E+00  0.0000E+00
1  cu    -0.712754359900E+00 -0.747131673983E+01 -0.303270472865E+01  0.526760100000E+00  0.0000E+00
1  cu    -0.101960319882E+01 -0.672524838137E+01 -0.351242960933E+01  0.500629975000E+00  0.0000E+00
1  cu    -0.327269572150E+00 -0.674140677754E+01 -0.289579674819E+01  0.512817350000E+00  0.0000E+00
1  cu    -0.766785857918E+00 -0.536463148006E+01 -0.382255925646E+01  0.517486100000E+00  0.0000E+00
1  cu    -0.407650393480E+00 -0.670325841058E+01 -0.498026916079E+01  0.549066575000E+00  0.0000E+00
1  cu    -0.555142776731E-01 -0.509183157308E+01 -0.420201188638E+01  0.457236625000E+00  0.0000E+00
1  cu    -0.788169962199E+00 -0.601845060543E+01 -0.250642004338E+01  0.532144675000E+00  0.0000E+00
1  cu    -0.561422941252E+00 -0.702228129091E+01 -0.575564535504E+01  0.503997575000E+00  0.0000E+00
1  cu    -0.415042031665E+00 -0.637097664824E+01 -0.404271267687E+01  0.534868500000E+00  0.0000E+00
1  cu    -0.469720270105E+00 -0.571754877448E+01 -0.459239593253E+01  0.512039575000E+00  0.0000E+00
1  cu    -0.309673010809E+00 -0.525832640644E+01 -0.234865214307E+01  0.546426175000E+00  0.0000E+00
1  cu    -0.101800676062E+01 -0.693573082627E+01 -0.443260309584E+01  0.537227700000E+00  0.0000E+00
1  cu    -0.329519416974E+00 -0.591469994710E+01 -0.323952673093E+01  0.519520075000E+00  0.0000E+00
1  cu    -0.980557150079E+00 -0.515167958922E+01 -0.298779323112E+01  0.507680025000E+00  0.0000E+00
1  cu    -0.801824501826E+00 -0.464886463177E+01 -0.443561985261E+01  0.506750950000E+00  0.0000E+00
1  cu    -0.333963325024E+00 -0.726315657001E+01 -0.376640904640E+01  0.537483725000E+00  0.0000E+00
1  cu     0.183744649785E+00 -0.752822607836E+01 -0.306966517018E+01  0.526760100000E+00  0.0000E+00
1  cu     0.207453412976E+00 -0.661041550216E+01 -0.349361795718E+01  0.500629975000E+00  0.0000E+00
1  cu     0.752135420590E+00 -0.681203929512E+01 -0.292206861291E+01  0.512817350000E+00  0.0000E+00
1  cu     0.171650010902E+00 -0.576903634892E+01 -0.392385769630E+01  0.517486100000E+00  0.0000E+00
1  cu     0.765673538759E+00 -0.683835359125E+01 -0.502313226612E+01  0.549066575000E+00  0.0000E+00
1  cu     0.819968426773E+00 -0.563499885873E+01 -0.446567378209E+01  0.457236625000E+00  0.0000E+00
1  cu     0.666397499081E+00 -0.539256560098E+01 -0.255604593539E+01  0.546426175000E+00  0.0000E+00
1  cu     0.161703200940E+00 -0.702410264448E+01 -0.438169779694E+01  0.537227700000E+00  0.0000E+00
1  cu     0.731829263022E+00 -0.592610415368E+01 -0.326866684077E+01  0.519520075000E+00  0.0000E+00
1  cu     0.720899218502E+00 -0.513868433572E+01 -0.375489803780E+01  0.522097150000E+00  0.0000E+00
1  cu    -0.155649553424E-01 -0.514275288683E+01 -0.323832192594E+01  0.507680025000E+00  0.0000E+00
1  cu     0.740566399360E+00 -0.734030203090E+01 -0.370671900399E+01  0.537483725000E+00  0.0000E+00
1  cu     0.775232711823E+00 -0.772563385053E+01 -0.230500052120E+01  0.533262300000E+00  0.0000E+00
1  cu     0.798995475904E+00 -0.761154267734E+01 -0.455425677042E+01  0.496103650000E+00  0.0000E+00
1  cu     0.849640721780E+00  0.266184880115E+01 -0.855222265797E+01  0.462015100000E+00  0.0000E+00
1  cu    -0.131233014369E+01  0.258639960798E+01 -0.919596135539E+01  0.458412775000E+00  0.0000E+00
1  cu    -0.136485197910E+01  0.219427842050E+01 -0.839137515417E+01  0.529356950000E+00  0.0000E+00
1  cu    -0.123465273918E+01  0.305470040474E+01 -0.856476204753E+01  0.462015100000E+00  0.0000E+00
1  cu    -0.122376914667E+01  0.246740372401E+01 -0.748769854094E+01  0.501697625000E+00  0.0000E+00
1  cu    -0.114101956376E+01  0.324849512940E+01 -0.780701994393E+01  0.504648425000E+00  0.0000E+00
1  cu    -0.872271030972E+00  0.175587079928E+01 -0.785436745708E+01  0.480677100000E+00  0.0000E+00
1  cu    -0.664361137533E+00  0.240180646183E+01 -0.876748494643E+01  0.453468750000E+00  0.0000E+00
1  cu     0.792391971807E-01  0.401678786262E+01 -0.718234232169E+01  0.517502100000E+00  0.0000E+00
1  cu    -0.602307898454E+00  0.267840704218E+01 -0.805295707487E+01  0.522379975000E+00  0.0000E+00
1  cu    -0.739160429746E+00  0.371790049112E+01 -0.839710596850E+01  0.504509550000E+00  0.0000E+00
1  cu    -0.720262866696E-01  0.319888738065E+01 -0.850190505108E+01  0.462015100000E+00  0.0000E+00
1  cu    -0.163111646911E+00  0.209040968864E+01 -0.755041006294E+01  0.501697625000E+00  0.0000E+00
1  cu    -0.325291477740E+00  0.354535430361E+01 -0.770206287233E+01  0.504648425000E+00  0.0000E+00
1  cu    -0.118000613351E+01  0.181904335375E+01 -0.918498171042E+01  0.454688525000E+00  0.0000E+00
1  cu    -0.562654290317E+00  0.282829387497E+01 -0.720059384755E+01  0.479277625000E+00  0.0000E+00
1  cu     0.137410825888E+00  0.323808854835E+01 -0.668224631783E+01  0.505781800000E+00  0.0000E+00
1  cu     0.273481209782E-01  0.262564878069E+01 -0.912959522580E+01  0.453468750000E+00  0.0000E+00
1  cu     0.750474938963E+00  0.351503077135E+01 -0.730879859578E+01  0.517502100000E+00  0.0000E+00
1  cu     0.781097116970E+00  0.278564871302E+01 -0.696782224139E+01  0.477713275000E+00  0.0000E+00
1  cu     0.205475978697E+00  0.395129096221E+01 -0.831968618090E+01  0.504509550000E+00  0.0000E+00
1  cu     0.778024278532E+00  0.242405831512E+01 -0.776494496305E+01  0.501697625000E+00  0.0000E+00
1  cu     0.695730833863E+00  0.328171400756E+01 -0.812393270342E+01  0.504648425000E+00  0.0000E+00
1  cu     0.801722915771E+00  0.407664581120E+01 -0.787248765312E+01  0.456483550000E+00  0.0000E+00
1  cu     0.158369239948E+00  0.290852276784E+01 -0.753108322693E+01  0.479277625000E+00  0.0000E+00
1  cu     0.958757819413E-01  0.459587722498E+01 -0.778731096685E+01  0.491405625000E+00  0.0000E+00
  list of objects:
   bonded contacts (i,j):         0

