particles:      556 objects:        6 bonded_contacts:       1905  mean_radius:   0.250000000000E-01
 -0.642003132526E+00 -0.642641030947E+00 -0.246340905328E+00  0.637195328347E+00  0.645570550193E+00  0.247689877565E+00
mat type  xcenter_mm          ycenter_mm          zcenter_mm          radius_mm           Temp_degC
1  cu     0.632916673626E-01 -0.170807247733E+00  0.937441061336E-01  0.250000000000E-01  0.0000E+00
1  cu    -0.160175346914E+00  0.694450443503E-01 -0.118424390506E+00  0.250000000000E-01  0.0000E+00
1  cu    -0.550759480710E-01  0.196643770140E-01  0.209113577136E-02  0.250000000000E-01  0.0000E+00
1  cu     0.274618998550E-01 -0.342319499845E-01 -0.666571716582E-01  0.250000000000E-01  0.0000E+00
1  cu    -0.241709210795E-01 -0.207573348140E+00  0.372490336118E-01  0.250000000000E-01  0.0000E+00
1  cu    -0.523909198875E-01 -0.412354140811E-01  0.153990040519E+00  0.250000000000E-01  0.0000E+00
1  cu    -0.106999142828E+00  0.305066066419E-01  0.573581539465E-01  0.250000000000E-01  0.0000E+00
1  cu    -0.186119315977E-01  0.114854007244E+00  0.660689287054E-01  0.250000000000E-01  0.0000E+00
1  cu    -0.331715763829E-01  0.254560167242E-01  0.768534256972E-01  0.250000000000E-01  0.0000E+00
1  cu    -0.406479596398E-01  0.127354303851E+00 -0.173456500953E+00  0.250000000000E-01  0.0000E+00
1  cu     0.765845418768E-01  0.138482447157E+00 -0.997720958595E-01  0.250000000000E-01  0.0000E+00
1  cu     0.860965019217E-02 -0.187967657118E+00 -0.104598502817E+00  0.250000000000E-01  0.0000E+00
1  cu     0.173929899085E+00 -0.100284536605E+00  0.537021132005E-01  0.250000000000E-01  0.0000E+00
1  cu    -0.356473851911E-02 -0.148754004723E+00  0.889592393643E-01  0.250000000000E-01  0.0000E+00
1  cu    -0.161127580869E-01  0.176326694672E-01 -0.204836825619E+00  0.250000000000E-01  0.0000E+00
1  cu    -0.105360580551E+00  0.796565397958E-01  0.857195835861E-01  0.250000000000E-01  0.0000E+00
1  cu    -0.489199092646E-01 -0.202126349144E-01 -0.119806084931E+00  0.250000000000E-01  0.0000E+00
1  cu     0.179325814784E+00 -0.211670616992E-01  0.104489835817E-01  0.250000000000E-01  0.0000E+00
1  cu     0.185087974552E+00 -0.116128307976E-01  0.561437358721E-01  0.250000000000E-01  0.0000E+00
1  cu     0.145891842699E+00 -0.813965477010E-01  0.863632071765E-01  0.250000000000E-01  0.0000E+00
1  cu    -0.177416275862E+00 -0.109510005716E-01  0.844017638006E-02  0.250000000000E-01  0.0000E+00
1  cu     0.118382170927E+00  0.145491320478E+00 -0.793861390929E-01  0.250000000000E-01  0.0000E+00
1  cu     0.317588962447E-01  0.994806790034E-03  0.180237733512E+00  0.250000000000E-01  0.0000E+00
1  cu     0.853588646639E-01  0.593347591290E-01 -0.570170672397E-01  0.250000000000E-01  0.0000E+00
1  cu     0.828235333569E-01  0.179359236117E+00  0.238939769065E-01  0.250000000000E-01  0.0000E+00
1  cu     0.158491590584E-01  0.112158632461E+00 -0.561728681939E-01  0.250000000000E-01  0.0000E+00
1  cu    -0.133446208408E+00  0.964183404453E-01 -0.388571850328E-01  0.250000000000E-01  0.0000E+00
1  cu    -0.117600022516E+00 -0.166000479788E+00 -0.732887793671E-01  0.250000000000E-01  0.0000E+00
1  cu     0.748929326240E-01 -0.790979519294E-01  0.420644716213E-01  0.250000000000E-01  0.0000E+00
1  cu    -0.198285935600E-01  0.797931732978E-01  0.599876415783E-02  0.250000000000E-01  0.0000E+00
1  cu    -0.348253168156E-01 -0.450482213550E-02  0.370053112828E-01  0.250000000000E-01  0.0000E+00
1  cu     0.858769015524E-02 -0.194240823779E+00 -0.505423605482E-01  0.250000000000E-01  0.0000E+00
1  cu     0.158076604079E+00 -0.393821918669E-01 -0.358809437182E-01  0.250000000000E-01  0.0000E+00
1  cu     0.657348544523E-01 -0.457247361580E-01  0.739451075209E-01  0.250000000000E-01  0.0000E+00
1  cu     0.185505055577E-01 -0.297962164319E-01 -0.180089735368E+00  0.250000000000E-01  0.0000E+00
1  cu    -0.114720208121E+00  0.143316515659E+00  0.528156921012E-02  0.250000000000E-01  0.0000E+00
1  cu     0.118940308728E+00  0.119067640313E+00 -0.369622252530E-02  0.250000000000E-01  0.0000E+00
1  cu     0.123914824186E+00 -0.147893781239E+00 -0.891531834941E-01  0.250000000000E-01  0.0000E+00
1  cu    -0.661773557050E-01 -0.191108500096E+00  0.617723367404E-01  0.250000000000E-01  0.0000E+00
1  cu     0.219326890673E-01  0.100671400307E+00 -0.498992847924E-02  0.250000000000E-01  0.0000E+00
1  cu     0.103008709173E+00  0.160919871676E+00  0.782702301789E-01  0.250000000000E-01  0.0000E+00
1  cu    -0.342502519235E-01  0.958442266192E-01 -0.100342131977E+00  0.250000000000E-01  0.0000E+00
1  cu     0.504080381138E-01  0.558621836294E-01 -0.882704155482E-01  0.250000000000E-01  0.0000E+00
1  cu    -0.450923245980E-02 -0.955849532322E-01 -0.130204210808E+00  0.250000000000E-01  0.0000E+00
1  cu     0.734248039610E-01 -0.637632043757E-01 -0.126419877756E+00  0.250000000000E-01  0.0000E+00
1  cu     0.165154086195E+00 -0.526066384301E-01  0.424653966356E-01  0.250000000000E-01  0.0000E+00
1  cu    -0.176324645215E+00  0.942614005577E-01  0.588713426297E-01  0.250000000000E-01  0.0000E+00
1  cu    -0.293820903318E-01  0.123323623319E+00  0.210738275961E-01  0.250000000000E-01  0.0000E+00
1  cu     0.153598574367E+00  0.901099937754E-01 -0.168422282927E-01  0.250000000000E-01  0.0000E+00
1  cu    -0.154489827622E+00 -0.107106234242E+00  0.100576380370E+00  0.250000000000E-01  0.0000E+00
1  cu    -0.149749458048E+00 -0.198831187240E-01 -0.128115510333E+00  0.250000000000E-01  0.0000E+00
1  cu    -0.113447398639E+00 -0.190423625882E-01  0.431271548124E-02  0.250000000000E-01  0.0000E+00
1  cu     0.163468805341E+00 -0.129018744316E+00  0.179647503804E-01  0.250000000000E-01  0.0000E+00
1  cu    -0.142492367827E+00 -0.179286585817E-01  0.140376794613E+00  0.250000000000E-01  0.0000E+00
1  cu     0.186874802965E+00  0.932168061570E-01  0.603605685751E-01  0.250000000000E-01  0.0000E+00
1  cu    -0.196063211971E-02  0.199014087265E+00  0.511224780918E-01  0.250000000000E-01  0.0000E+00
1  cu    -0.316691007188E-01  0.522760862028E-01 -0.117842303726E+00  0.250000000000E-01  0.0000E+00
1  cu     0.309008832350E-01  0.115517551443E+00  0.523423601393E-01  0.250000000000E-01  0.0000E+00
1  cu    -0.121773772833E+00  0.430146491136E-01 -0.112265946069E+00  0.250000000000E-01  0.0000E+00
1  cu     0.150524816331E+00  0.634053673828E-01  0.613309122200E-01  0.250000000000E-01  0.0000E+00
1  cu     0.381764255211E-01 -0.131014101784E+00  0.101415051405E+00  0.250000000000E-01  0.0000E+00
1  cu     0.122166068657E+00  0.743252986995E-01  0.126531408961E+00  0.250000000000E-01  0.0000E+00
1  cu     0.171429175821E+00 -0.263952585268E-02  0.134704405792E+00  0.250000000000E-01  0.0000E+00
1  cu     0.636929476682E-01  0.134415146807E+00 -0.168283929213E+00  0.250000000000E-01  0.0000E+00
1  cu     0.215107313292E-01 -0.336961784187E-03 -0.326844086906E-01  0.250000000000E-01  0.0000E+00
1  cu    -0.974334545779E-01 -0.298361600341E-01  0.146694259635E+00  0.250000000000E-01  0.0000E+00
1  cu    -0.217003132526E+00  0.135109557184E-01  0.153681385660E-01  0.250000000000E-01  0.0000E+00
1  cu     0.125093092350E+00 -0.115743535001E-01  0.109249922368E+00  0.250000000000E-01  0.0000E+00
1  cu     0.712045205492E-01  0.467934552726E-01 -0.205130508922E+00  0.250000000000E-01  0.0000E+00
1  cu    -0.303168864796E-01 -0.147086410822E+00  0.738064232372E-02  0.250000000000E-01  0.0000E+00
1  cu     0.203450483882E+00  0.606495602361E-01 -0.130566369178E-01  0.250000000000E-01  0.0000E+00
1  cu    -0.459645898665E-01  0.410458252171E-01  0.119352540614E+00  0.250000000000E-01  0.0000E+00
1  cu     0.261202186358E-01 -0.113310681729E+00 -0.159151774276E-01  0.250000000000E-01  0.0000E+00
1  cu    -0.110281849571E+00 -0.174175883679E+00 -0.275384052700E-01  0.250000000000E-01  0.0000E+00
1  cu    -0.157859435899E-01 -0.986908617549E-02 -0.564579682599E-02  0.250000000000E-01  0.0000E+00
1  cu     0.771345732177E-01  0.163012776056E+00 -0.596543717764E-01  0.250000000000E-01  0.0000E+00
1  cu     0.246584862409E-01 -0.447898651113E-01  0.172175570940E+00  0.250000000000E-01  0.0000E+00
1  cu    -0.100780935455E+00 -0.105009166036E+00  0.370745665583E-01  0.250000000000E-01  0.0000E+00
1  cu    -0.641357489566E-01  0.113854553473E+00  0.785942949640E-01  0.250000000000E-01  0.0000E+00
1  cu    -0.147945314037E+00 -0.147384900330E+00 -0.188038142203E-01  0.250000000000E-01  0.0000E+00
1  cu    -0.810766806575E-01 -0.714613493542E-01  0.132155499082E+00  0.250000000000E-01  0.0000E+00
1  cu    -0.158693266552E+00 -0.656643630296E-01  0.122419423234E+00  0.250000000000E-01  0.0000E+00
1  cu     0.157814487240E+00 -0.358974383844E-01  0.858071761251E-01  0.250000000000E-01  0.0000E+00
1  cu    -0.228859252381E-01  0.219772221506E+00  0.144476504742E-01  0.250000000000E-01  0.0000E+00
1  cu     0.131841866493E+00 -0.664640054856E-01 -0.144556606240E+00  0.250000000000E-01  0.0000E+00
1  cu    -0.664967685694E-01 -0.152770610291E+00  0.136372886776E+00  0.250000000000E-01  0.0000E+00
1  cu    -0.109867859455E+00 -0.528141570748E-02  0.108579320779E+00  0.250000000000E-01  0.0000E+00
1  cu    -0.994594384745E-02 -0.578599765850E-01  0.201207666086E+00  0.250000000000E-01  0.0000E+00
1  cu    -0.188858078236E+00  0.472276304274E-01 -0.811067345308E-01  0.250000000000E-01  0.0000E+00
1  cu    -0.629630759201E-01  0.111995250886E+00 -0.987126648066E-02  0.250000000000E-01  0.0000E+00
1  cu     0.747265976742E-01 -0.132507977573E+00  0.689791359946E-01  0.250000000000E-01  0.0000E+00
1  cu     0.202376001459E+00 -0.528632296562E-01  0.712148992318E-01  0.250000000000E-01  0.0000E+00
1  cu    -0.281634107857E-01 -0.675620505293E-01  0.846998355467E-01  0.250000000000E-01  0.0000E+00
1  cu    -0.111965764110E+00 -0.172048702042E+00  0.537139843300E-01  0.250000000000E-01  0.0000E+00
1  cu     0.895636313311E-01 -0.135110828181E-01  0.269944853272E-01  0.250000000000E-01  0.0000E+00
1  cu    -0.669489837736E-01 -0.112949694843E+00 -0.921427402455E-01  0.250000000000E-01  0.0000E+00
1  cu     0.546821011286E-02 -0.734521479245E-01 -0.899014431342E-01  0.250000000000E-01  0.0000E+00
1  cu    -0.244513021156E-01 -0.133427045113E-01 -0.170410782533E+00  0.250000000000E-01  0.0000E+00
1  cu    -0.139279958152E-01  0.960393621705E-01  0.188197468304E+00  0.250000000000E-01  0.0000E+00
1  cu    -0.772748190648E-02 -0.203283123093E+00 -0.736347691988E-02  0.250000000000E-01  0.0000E+00
1  cu    -0.432784031643E-02 -0.124453949868E+00  0.393939954967E-01  0.250000000000E-01  0.0000E+00
1  cu     0.161019849728E+00  0.567604940570E-01  0.106669011968E+00  0.250000000000E-01  0.0000E+00
1  cu     0.810455846357E-01  0.123477565397E+00  0.145475686004E+00  0.250000000000E-01  0.0000E+00
1  cu     0.106262160629E+00  0.137410039626E+00  0.376919610727E-01  0.250000000000E-01  0.0000E+00
1  cu    -0.125110280357E+00 -0.106589284280E+00 -0.134926707762E-01  0.250000000000E-01  0.0000E+00
1  cu    -0.144450744042E+00  0.450088517583E-01 -0.658287674365E-01  0.250000000000E-01  0.0000E+00
1  cu    -0.139555529212E+00  0.106139986623E-01  0.298635140879E-01  0.250000000000E-01  0.0000E+00
1  cu     0.117359600949E+00  0.967750341010E-01  0.614006771310E-01  0.250000000000E-01  0.0000E+00
1  cu     0.563384544658E-01  0.693698547836E-01  0.202710916502E-02  0.250000000000E-01  0.0000E+00
1  cu     0.125816130850E+00  0.290662239213E-01 -0.746629243218E-01  0.250000000000E-01  0.0000E+00
1  cu    -0.789256145746E-01 -0.106037497185E+00 -0.454606115222E-02  0.250000000000E-01  0.0000E+00
1  cu    -0.291845216679E-01 -0.786448563537E-01 -0.585259390056E-01  0.250000000000E-01  0.0000E+00
1  cu    -0.101151818459E+00  0.139405243784E+00 -0.107233467471E+00  0.250000000000E-01  0.0000E+00
1  cu     0.590014589246E-01  0.168147283814E-01 -0.122761970593E+00  0.250000000000E-01  0.0000E+00
1  cu    -0.602182380349E-01  0.668600211758E-01  0.823470213282E-01  0.250000000000E-01  0.0000E+00
1  cu     0.440980719108E-01  0.354881866704E-01  0.322446877749E-01  0.250000000000E-01  0.0000E+00
1  cu     0.944381030327E-02 -0.176262352849E+00  0.270789014016E-01  0.250000000000E-01  0.0000E+00
1  cu    -0.724749075232E-01 -0.126603643020E-03  0.804985462546E-01  0.250000000000E-01  0.0000E+00
1  cu    -0.113343664388E+00 -0.109186869073E+00 -0.855062293381E-01  0.250000000000E-01  0.0000E+00
1  cu     0.755183983314E-01 -0.208625470782E-01 -0.145557206024E+00  0.250000000000E-01  0.0000E+00
1  cu    -0.389169911675E-01  0.298152770649E-01 -0.158532931591E+00  0.250000000000E-01  0.0000E+00
1  cu    -0.145064839042E+00  0.593826784513E-01  0.633502587408E-01  0.250000000000E-01  0.0000E+00
1  cu     0.877246098305E-01  0.742023251832E-01  0.188931317913E+00  0.250000000000E-01  0.0000E+00
1  cu    -0.724563229441E-01  0.978350560844E-01  0.123960270344E+00  0.250000000000E-01  0.0000E+00
1  cu     0.606941021240E-01  0.625108203583E-01 -0.133666148327E+00  0.250000000000E-01  0.0000E+00
1  cu     0.712801394112E-01 -0.100990840016E-02  0.154858989345E+00  0.250000000000E-01  0.0000E+00
1  cu    -0.133392983899E+00  0.102244596045E+00  0.413961212370E-01  0.250000000000E-01  0.0000E+00
1  cu    -0.407711344502E-01  0.129103326803E+00  0.168228606954E+00  0.250000000000E-01  0.0000E+00
1  cu     0.240189557464E-01  0.220570550193E+00  0.110062436527E-01  0.250000000000E-01  0.0000E+00
1  cu    -0.141177015046E+00 -0.672380482574E-01  0.684446904761E-01  0.250000000000E-01  0.0000E+00
1  cu     0.404754956630E-01 -0.144454015218E+00 -0.486220428796E-01  0.250000000000E-01  0.0000E+00
1  cu    -0.704879601461E-01  0.549892577616E-01  0.156997755890E+00  0.250000000000E-01  0.0000E+00
1  cu*^   0.203760232758E-01 -0.157559424703E-01  0.222689877565E+00  0.250000000000E-01  0.0000E+00
1  cu     0.118753354190E-01 -0.774112250335E-01  0.140780652223E+00  0.250000000000E-01  0.0000E+00
1  cu     0.195060811816E-01 -0.706180778126E-01  0.626827417149E-01  0.250000000000E-01  0.0000E+00
1  cu     0.427338500626E-01 -0.539200766128E-01  0.114177390403E+00  0.250000000000E-01  0.0000E+00
1  cu    -0.685695661091E-03  0.154574409009E+00 -0.443666222305E-01  0.250000000000E-01  0.0000E+00
1  cu    -0.797886395820E-01 -0.732764000679E-01 -0.704065332037E-01  0.250000000000E-01  0.0000E+00
1  cu     0.167846741376E+00  0.614918344038E-01  0.176614066897E-01  0.250000000000E-01  0.0000E+00
1  cu     0.270664482821E-01  0.303979612397E-01  0.216616002333E+00  0.250000000000E-01  0.0000E+00
1  cu    -0.606119781555E-02  0.984999839760E-01 -0.187001064951E+00  0.250000000000E-01  0.0000E+00
1  cu    -0.131621377278E+00 -0.591129611684E-01  0.160323100736E+00  0.250000000000E-01  0.0000E+00
1  cu    -0.842249541830E-01 -0.103753804773E-01 -0.719152629347E-01  0.250000000000E-01  0.0000E+00
1  cu    -0.610875672040E-01 -0.108897148431E+00  0.152438007896E+00  0.250000000000E-01  0.0000E+00
1  cu     0.725246067273E-01  0.337972106926E-01  0.696551898557E-01  0.250000000000E-01  0.0000E+00
1  cu    -0.108244020682E+00  0.684995269967E-01  0.132437858728E+00  0.250000000000E-01  0.0000E+00
1  cu     0.229992669630E-01  0.191709268881E+00  0.903351814730E-01  0.250000000000E-01  0.0000E+00
1  cu    -0.125784818489E-01  0.107674399548E+00 -0.141238720562E+00  0.250000000000E-01  0.0000E+00
1  cu     0.110088107629E+00 -0.363542074371E-01 -0.115673897073E+00  0.250000000000E-01  0.0000E+00
1  cu     0.156490966812E+00  0.569917728228E-01 -0.136919268942E+00  0.250000000000E-01  0.0000E+00
1  cu    -0.210717369359E+00 -0.597772757590E-02 -0.269924091660E-01  0.250000000000E-01  0.0000E+00
1  cu    -0.700466458219E-01 -0.155798040213E+00  0.309851926010E-01  0.250000000000E-01  0.0000E+00
1  cu     0.194915582736E+00 -0.584037600763E-01 -0.136904520180E-01  0.250000000000E-01  0.0000E+00
1  cu    -0.589295975658E-01  0.187197659997E+00  0.883649807987E-01  0.250000000000E-01  0.0000E+00
1  cu    -0.816796176172E-01 -0.183331528009E-02  0.344051424497E-01  0.250000000000E-01  0.0000E+00
1  cu     0.758577809862E-01 -0.145926682694E+00 -0.176470215719E-01  0.250000000000E-01  0.0000E+00
1  cu     0.974487911976E-01  0.376114028610E-01  0.160875640001E+00  0.250000000000E-01  0.0000E+00
1  cu     0.675416113018E-02  0.756108190232E-01 -0.892442785100E-01  0.250000000000E-01  0.0000E+00
1  cu     0.102280314374E+00  0.127205428355E-01 -0.184342102762E+00  0.250000000000E-01  0.0000E+00
1  cu     0.321264227434E-01  0.960627398140E-01 -0.150116304869E+00  0.250000000000E-01  0.0000E+00
1  cu     0.857590648524E-01 -0.725689185300E-01  0.117832208194E+00  0.250000000000E-01  0.0000E+00
1  cu     0.142624113614E+00  0.694559657067E-02 -0.112619094568E+00  0.250000000000E-01  0.0000E+00
1  cu     0.113500416005E+00 -0.941455673637E-01  0.291738982443E-02  0.250000000000E-01  0.0000E+00
1  cu    -0.983271551764E-01  0.356368530812E-01  0.114285955606E-01  0.250000000000E-01  0.0000E+00
1  cu    -0.122851394010E+00 -0.108500822515E-01  0.182546182698E+00  0.250000000000E-01  0.0000E+00
1  cu     0.158321472911E-01  0.461790675832E-01 -0.380591113936E-02  0.250000000000E-01  0.0000E+00
1  cu    -0.153073623849E+00 -0.113952877441E+00 -0.514736184161E-01  0.250000000000E-01  0.0000E+00
1  cu     0.136596155665E+00 -0.107423363472E+00 -0.688105784722E-01  0.250000000000E-01  0.0000E+00
1  cu    -0.338139408164E-02  0.734792406810E-01 -0.375894232282E-01  0.250000000000E-01  0.0000E+00
1  cu    -0.133820635764E+00  0.122549409900E+00 -0.779199866045E-01  0.250000000000E-01  0.0000E+00
1  cu     0.551790734974E-01 -0.951680806089E-01  0.145548022437E+00  0.250000000000E-01  0.0000E+00
1  cu    -0.467921906513E-01  0.150847295611E+00  0.550003585240E-01  0.250000000000E-01  0.0000E+00
1  cu    -0.264596667757E-01  0.172886116395E+00  0.158716700818E-01  0.250000000000E-01  0.0000E+00
1  cu     0.781484777969E-01  0.765895103221E-01  0.142963306422E+00  0.250000000000E-01  0.0000E+00
1  cu    -0.196808483411E+00  0.962480939255E-01  0.735270087763E-03  0.250000000000E-01  0.0000E+00
1  cu    -0.541151419279E-01  0.195013304810E+00 -0.515116040573E-01  0.250000000000E-01  0.0000E+00
1  cu    -0.339897267565E-01 -0.774621760769E-01  0.130299106186E+00  0.250000000000E-01  0.0000E+00
1  cu     0.156481218285E+00  0.194031004905E-01  0.353489269689E-01  0.250000000000E-01  0.0000E+00
1  cu    -0.776468811625E-01  0.524061313408E-01  0.203411187131E+00  0.250000000000E-01  0.0000E+00
1  cu    -0.212953061958E+00  0.532482063617E-01 -0.947263171949E-02  0.250000000000E-01  0.0000E+00
1  cu    -0.185805279230E+00  0.876657446648E-02  0.503327656035E-01  0.250000000000E-01  0.0000E+00
1  cu    -0.103577016605E+00 -0.659874428505E-01 -0.344502660906E-02  0.250000000000E-01  0.0000E+00
1  cu    -0.690451748649E-01 -0.841398806525E-01  0.648274065984E-01  0.250000000000E-01  0.0000E+00
1  cu     0.302499604494E-01  0.189003312161E+00 -0.526690100240E-01  0.250000000000E-01  0.0000E+00
1  cu     0.165774979508E+00 -0.839179497155E-01 -0.117026799316E+00  0.250000000000E-01  0.0000E+00
1  cu    -0.113978048147E-01 -0.119534509754E+00 -0.435771248967E-01  0.250000000000E-01  0.0000E+00
1  cu    -0.874605171072E-01 -0.135482845719E+00  0.702979303355E-01  0.250000000000E-01  0.0000E+00
1  cu     0.864672620705E-02  0.145425896975E+00  0.835116026877E-03  0.250000000000E-01  0.0000E+00
1  cu     0.805702615469E-01 -0.259659806743E-01  0.113985373752E+00  0.250000000000E-01  0.0000E+00
1  cu     0.850758779377E-01 -0.125375527165E+00  0.236527795008E-01  0.250000000000E-01  0.0000E+00
1  cu    -0.153885702992E+00  0.120863131127E+00  0.904965860738E-01  0.250000000000E-01  0.0000E+00
1  cu    -0.612852043362E-02  0.153827066373E+00 -0.134862475687E+00  0.250000000000E-01  0.0000E+00
1  cu    -0.129001119020E+00 -0.281234847401E-03 -0.607489494808E-01  0.250000000000E-01  0.0000E+00
1  cu    -0.548981383149E-01  0.188467450166E-01 -0.942587878405E-01  0.250000000000E-01  0.0000E+00
1  cu     0.632758616376E-01 -0.125119376661E+00 -0.168295347390E+00  0.250000000000E-01  0.0000E+00
1  cu    -0.694904789099E-02 -0.404959854384E-01  0.118577268917E+00  0.250000000000E-01  0.0000E+00
1  cu     0.516793626520E-01 -0.566787337844E-02  0.537013599746E-01  0.250000000000E-01  0.0000E+00
1  cu     0.441765363189E-01  0.770733278411E-01 -0.427688446580E-01  0.250000000000E-01  0.0000E+00
1  cu     0.567639610563E-01  0.769927074942E-01  0.598781493979E-01  0.250000000000E-01  0.0000E+00
1  cu     0.304129061570E-01  0.108590437956E+00  0.177444785892E+00  0.250000000000E-01  0.0000E+00
1  cu     0.117682695189E+00 -0.137975068934E+00  0.912603423634E-01  0.250000000000E-01  0.0000E+00
1  cu    -0.153091658894E+00  0.113649155522E+00  0.237253452179E-03  0.250000000000E-01  0.0000E+00
1  cu    -0.150572944552E-01  0.467373527296E-02 -0.670996062333E-01  0.250000000000E-01  0.0000E+00
1  cu     0.155025608015E+00 -0.646704920876E-01 -0.754003742951E-01  0.250000000000E-01  0.0000E+00
1  cu     0.117816050541E+00  0.815390929333E-01 -0.126327190750E+00  0.250000000000E-01  0.0000E+00
1  cu    -0.773435321011E-01  0.100478194654E+00 -0.118597416205E+00  0.250000000000E-01  0.0000E+00
1  cu    -0.207660669471E-01 -0.770863639945E-01  0.392529890343E-01  0.250000000000E-01  0.0000E+00
1  cu     0.676143719293E-02  0.821017589597E-02  0.548722802036E-01  0.250000000000E-01  0.0000E+00
1  cu    -0.110316284424E+00 -0.144952887202E+00  0.931800939938E-02  0.250000000000E-01  0.0000E+00
1  cu    -0.120635519661E+00  0.530108386892E-01 -0.261068392564E-01  0.250000000000E-01  0.0000E+00
1  cu     0.446906088324E-01  0.100740709086E+00 -0.101148105077E+00  0.250000000000E-01  0.0000E+00
1  cu     0.758642911630E-03 -0.352728485504E-01  0.379262670783E-01  0.250000000000E-01  0.0000E+00
1  cu    -0.780541272022E-01  0.508692054120E-01 -0.173983870914E+00  0.250000000000E-01  0.0000E+00
1  cu     0.110489754533E+00  0.253828664767E-01  0.431751903227E-01  0.250000000000E-01  0.0000E+00
1  cu    -0.127260624907E+00 -0.426188118345E-01 -0.811826905589E-01  0.250000000000E-01  0.0000E+00
1  cu     0.624486554697E-01  0.116633392007E+00 -0.605832231265E-01  0.250000000000E-01  0.0000E+00
1  cu     0.421796821335E-01  0.176287516530E+00  0.131193066133E+00  0.250000000000E-01  0.0000E+00
1  cu    -0.376964594064E-01 -0.515272861364E-02  0.122743743927E+00  0.250000000000E-01  0.0000E+00
1  cu     0.136758093868E+00  0.462528962886E-01 -0.141592416090E-01  0.250000000000E-01  0.0000E+00
1  cu     0.109826628862E+00 -0.725862787604E-01 -0.856638739836E-01  0.250000000000E-01  0.0000E+00
1  cu     0.771763885518E-01 -0.186327087780E+00 -0.416988784390E-01  0.250000000000E-01  0.0000E+00
1  cu     0.157053852394E+00 -0.378047233371E-01 -0.113926846584E+00  0.250000000000E-01  0.0000E+00
1  cu     0.878873801299E-01 -0.178040636701E+00 -0.972217799388E-01  0.250000000000E-01  0.0000E+00
1  cu    -0.133444037238E+00 -0.110199157831E+00 -0.128035399152E+00  0.250000000000E-01  0.0000E+00
1  cu    -0.658415477823E-01 -0.930188385231E-01 -0.175105370257E+00  0.250000000000E-01  0.0000E+00
1  cu    -0.105361504518E+00 -0.135544732846E+00  0.113805475553E+00  0.250000000000E-01  0.0000E+00
1  cu     0.158074999105E+00 -0.147517229815E+00 -0.567998659108E-01  0.250000000000E-01  0.0000E+00
1  cu     0.583685360943E-02 -0.139902305526E+00 -0.118010527156E+00  0.250000000000E-01  0.0000E+00
1  cu     0.565363891267E-01 -0.100255178347E+00 -0.493173662459E-01  0.250000000000E-01  0.0000E+00
1  cu    -0.284023010051E-01 -0.162976263367E+00  0.516227776827E-01  0.250000000000E-01  0.0000E+00
1  cu     0.750516214027E-01  0.119563262506E+00  0.680046331624E-01  0.250000000000E-01  0.0000E+00
1  cu     0.260369337701E-01 -0.137772222318E-01 -0.136536008469E+00  0.250000000000E-01  0.0000E+00
1  cu     0.306123762688E-01  0.133713094538E-01 -0.208197703516E+00  0.250000000000E-01  0.0000E+00
1  cu     0.596320786620E-01 -0.561054502986E-01 -0.334290026316E-01  0.250000000000E-01  0.0000E+00
1  cu    -0.439620755085E-01  0.905908163643E-01 -0.541000090997E-01  0.250000000000E-01  0.0000E+00
1  cu    -0.643831222074E-01  0.438058663390E-01 -0.417492037667E-01  0.250000000000E-01  0.0000E+00
1  cu     0.816415612224E-01 -0.119345793284E+00  0.115064892552E+00  0.250000000000E-01  0.0000E+00
1  cu     0.122548530615E+00  0.360156477651E-01  0.873703831893E-01  0.250000000000E-01  0.0000E+00
1  cu     0.783985386576E-01  0.106075400412E+00 -0.133780437704E+00  0.250000000000E-01  0.0000E+00
1  cu    -0.280291247752E-01  0.497100868236E-01 -0.710307149223E-01  0.250000000000E-01  0.0000E+00
1  cu     0.113913844992E+00 -0.156975368025E+00 -0.430165910275E-01  0.250000000000E-01  0.0000E+00
1  cu     0.142618610765E-01  0.589736185142E-01  0.181496318090E+00  0.250000000000E-01  0.0000E+00
1  cu     0.135517267436E+00  0.102566571210E+00 -0.881727327463E-01  0.250000000000E-01  0.0000E+00
1  cu    -0.173513248681E+00  0.560998729468E-02  0.114012804592E+00  0.250000000000E-01  0.0000E+00
1  cu    -0.969924302849E-01 -0.192093418213E+00  0.138851637083E-01  0.250000000000E-01  0.0000E+00
1  cu     0.167768086303E-01 -0.129318064316E+00 -0.162517566631E+00  0.250000000000E-01  0.0000E+00
1  cu     0.133751763900E+00  0.284126384614E-01  0.132413290684E+00  0.250000000000E-01  0.0000E+00
1  cu    -0.221252788439E-01 -0.109605347197E+00 -0.180102557400E+00  0.250000000000E-01  0.0000E+00
1  cu     0.491104836715E-01  0.574540446163E-02  0.992509301281E-01  0.250000000000E-01  0.0000E+00
1  cu     0.227741485222E-02  0.152379715070E+00  0.469060751130E-01  0.250000000000E-01  0.0000E+00
1  cu     0.152112560586E+00  0.103920912832E+00  0.305191738204E-01  0.250000000000E-01  0.0000E+00
1  cu    -0.101551827689E+00 -0.131403879613E+00 -0.457622938741E-01  0.250000000000E-01  0.0000E+00
1  cu    -0.267385969883E-01 -0.123101932719E+00  0.121460750031E+00  0.250000000000E-01  0.0000E+00
1  cu    -0.160145693322E+00  0.109392403672E-01 -0.941636956966E-01  0.250000000000E-01  0.0000E+00
1  cu    -0.513880950404E-01  0.859871144271E-01  0.402991863835E-01  0.250000000000E-01  0.0000E+00
1  cu    -0.516482445358E-01 -0.345615933575E-02 -0.387184192734E-01  0.250000000000E-01  0.0000E+00
1  cu     0.194195848066E+00 -0.931130723117E-02 -0.370243735437E-01  0.250000000000E-01  0.0000E+00
1  cu    -0.580022395344E-01 -0.113612160469E+00 -0.459644876513E-01  0.250000000000E-01  0.0000E+00
1  cu    -0.252636090246E-01  0.671661320008E-01  0.152565127745E+00  0.250000000000E-01  0.0000E+00
1  cu    -0.134255384504E+00 -0.132656597910E+00  0.666505653793E-01  0.250000000000E-01  0.0000E+00
1  cu    -0.637962063914E-01 -0.574937798604E-01 -0.144337688028E+00  0.250000000000E-01  0.0000E+00
1  cu    -0.630252857446E-01 -0.692951154140E-01  0.201402443475E-01  0.250000000000E-01  0.0000E+00
1  cu    -0.208334677228E+00 -0.430276886789E-01 -0.601848181738E-01  0.250000000000E-01  0.0000E+00
1  cu    -0.200148902598E-01 -0.112989888562E+00 -0.893501155582E-01  0.250000000000E-01  0.0000E+00
1  cu     0.692774322179E-01  0.111496946459E+00 -0.143534843421E-01  0.250000000000E-01  0.0000E+00
1  cu     0.103680027456E+00  0.159390310032E-01 -0.137428826727E+00  0.250000000000E-01  0.0000E+00
1  cu    -0.173071360217E-01 -0.102517778973E+00 -0.147515491500E-03  0.250000000000E-01  0.0000E+00
1  cu    -0.192570717525E+00 -0.480274450430E-01 -0.161925522327E-01  0.250000000000E-01  0.0000E+00
1  cu    -0.146326134251E+00 -0.357845341066E-01  0.335121913536E-01  0.250000000000E-01  0.0000E+00
1  cu     0.308743162073E-01  0.800983352422E-01  0.140017031127E+00  0.250000000000E-01  0.0000E+00
1  cu    -0.137570954043E+00  0.143171831089E+00 -0.358116671691E-01  0.250000000000E-01  0.0000E+00
1  cu     0.168781393859E-01  0.136801052275E+00 -0.172188359983E+00  0.250000000000E-01  0.0000E+00
1  cu     0.855302844756E-01 -0.366550144225E-01 -0.675117269802E-01  0.250000000000E-01  0.0000E+00
1  cu    -0.682439376449E-01 -0.107934315646E+00  0.105389761390E+00  0.250000000000E-01  0.0000E+00
1  cu    -0.101528214863E+00  0.192071544267E+00  0.166126264311E-01  0.250000000000E-01  0.0000E+00
1  cu    -0.398491657653E-01 -0.743782737000E-01 -0.107517277618E+00  0.250000000000E-01  0.0000E+00
1  cu    -0.225242069189E-01 -0.169637197038E+00  0.126845105865E+00  0.250000000000E-01  0.0000E+00
1  cu     0.126499286244E+00 -0.112892517522E+00  0.440297274376E-01  0.250000000000E-01  0.0000E+00
1  cu     0.120154545355E+00 -0.663279202610E-01  0.424685478005E-01  0.250000000000E-01  0.0000E+00
1  cu*^  -0.337197591610E-02 -0.245507860631E-01 -0.221340905328E+00  0.250000000000E-01  0.0000E+00
1  cu     0.668544819119E-02  0.250132428566E-01  0.148505951660E+00  0.250000000000E-01  0.0000E+00
1  cu     0.953235715405E-01 -0.141559297647E+00 -0.125955949373E+00  0.250000000000E-01  0.0000E+00
1  cu    -0.296772651082E-01  0.526302721130E-01  0.197083592039E+00  0.250000000000E-01  0.0000E+00
1  cu    -0.593936491339E-02  0.109137612934E+00  0.143746198247E+00  0.250000000000E-01  0.0000E+00
1  cu    -0.136175043998E+00  0.568867392753E-01 -0.156873705377E+00  0.250000000000E-01  0.0000E+00
1  cu     0.960345440542E-01 -0.587461326958E-01 -0.178045084468E+00  0.250000000000E-01  0.0000E+00
1  cu    -0.110047655088E+00 -0.975245968311E-01  0.864958579336E-01  0.250000000000E-01  0.0000E+00
1  cu    -0.783136925949E-01  0.123726624556E-01  0.138672894067E+00  0.250000000000E-01  0.0000E+00
1  cu     0.264492652394E-01 -0.114855238597E+00 -0.823764189615E-01  0.250000000000E-01  0.0000E+00
1  cu    -0.138963276145E+00 -0.811408522883E-01  0.235608636726E-01  0.250000000000E-01  0.0000E+00
1  cu     0.121134305266E+00  0.673800872271E-01  0.248511792318E-01  0.250000000000E-01  0.0000E+00
1  cu    -0.132740300524E+00 -0.634361458299E-01 -0.123025947402E+00  0.250000000000E-01  0.0000E+00
1  cu    -0.793543349125E-01  0.114551846021E+00 -0.737590395201E-01  0.250000000000E-01  0.0000E+00
1  cu    -0.822088121041E-01  0.141141636586E+00  0.149492852739E+00  0.250000000000E-01  0.0000E+00
1  cu     0.581007330785E-01  0.118736126575E-02 -0.622111327896E-01  0.250000000000E-01  0.0000E+00
1  cu     0.709484351059E-02  0.578214589159E-01 -0.212551805646E+00  0.250000000000E-01  0.0000E+00
1  cu     0.174143103847E+00 -0.856594424189E-02 -0.812838405008E-01  0.250000000000E-01  0.0000E+00
1  cu    -0.502041103114E-01 -0.153848120508E+00  0.922788119956E-01  0.250000000000E-01  0.0000E+00
1  cu     0.928605839484E-01  0.159604757740E-02 -0.938956306893E-01  0.250000000000E-01  0.0000E+00
1  cu     0.591993455570E-01 -0.184037870658E+00  0.345667343551E-01  0.250000000000E-01  0.0000E+00
1  cu    -0.602002769925E-01  0.198132113145E+00 -0.499889976573E-02  0.250000000000E-01  0.0000E+00
1  cu     0.360514794765E-01  0.566744872737E-01 -0.175499869960E+00  0.250000000000E-01  0.0000E+00
1  cu    -0.180080369903E+00  0.275587496145E-01 -0.392697607340E-01  0.250000000000E-01  0.0000E+00
1  cu    -0.109756538235E+00 -0.242766063459E-02 -0.110573174463E+00  0.250000000000E-01  0.0000E+00
1  cu     0.193435248340E-01 -0.204478583428E+00  0.854970247088E-01  0.250000000000E-01  0.0000E+00
1  cu     0.914376933580E-01 -0.526685041958E-01  0.104218622973E-02  0.250000000000E-01  0.0000E+00
1  cu     0.171941911180E+00  0.928844021160E-01 -0.600650077963E-01  0.250000000000E-01  0.0000E+00
1  cu     0.171220998061E+00  0.479633591666E-01 -0.461333036965E-01  0.250000000000E-01  0.0000E+00
1  cu     0.481862460223E-01  0.181111044990E+00 -0.114215773924E+00  0.250000000000E-01  0.0000E+00
1  cu    -0.469171501581E-01  0.140802374573E+00 -0.115372738006E+00  0.250000000000E-01  0.0000E+00
1  cu     0.215112175871E-01  0.139430296724E+00  0.919129605649E-01  0.250000000000E-01  0.0000E+00
1  cu    -0.314747188120E-01 -0.142785347157E+00  0.166129966438E+00  0.250000000000E-01  0.0000E+00
1  cu     0.112723206816E+00  0.537719308021E-01 -0.163925101792E+00  0.250000000000E-01  0.0000E+00
1  cu    -0.107318731509E+00 -0.320124139454E-01 -0.147062781341E+00  0.250000000000E-01  0.0000E+00
1  cu    -0.151260233181E+00 -0.126519686267E+00  0.232295182260E-01  0.250000000000E-01  0.0000E+00
1  cu    -0.947202743186E-01 -0.178204388030E+00  0.970495361610E-01  0.250000000000E-01  0.0000E+00
1  cu     0.347080790024E-01 -0.643745094749E-01 -0.207589443080E+00  0.250000000000E-01  0.0000E+00
1  cu    -0.619367628645E-01  0.123763232809E-01 -0.195663069983E+00  0.250000000000E-01  0.0000E+00
1  cu    -0.924731847636E-01 -0.877549892547E-01 -0.122570948628E+00  0.250000000000E-01  0.0000E+00
1  cu     0.939785145250E-01  0.475458930559E-01 -0.103962506817E+00  0.250000000000E-01  0.0000E+00
1  cu     0.542305260184E-02 -0.973798368516E-01  0.987021303691E-01  0.250000000000E-01  0.0000E+00
1  cu     0.337815360377E-01 -0.154522622828E+00  0.609302920504E-01  0.250000000000E-01  0.0000E+00
1  cu    -0.136810297227E+00  0.620820216636E-01  0.171284963227E-01  0.250000000000E-01  0.0000E+00
1  cu    -0.496730753804E-01  0.804396854941E-01 -0.150921502152E+00  0.250000000000E-01  0.0000E+00
1  cu    -0.749415926824E-01 -0.303895872752E-01 -0.181126059617E+00  0.250000000000E-01  0.0000E+00
1  cu     0.913290749076E-02  0.194956235390E-01 -0.165182389168E+00  0.250000000000E-01  0.0000E+00
1  cu    -0.179834292457E-01  0.386797753053E-01  0.288704386683E-01  0.250000000000E-01  0.0000E+00
1  cu    -0.692192115941E-01  0.154360174508E+00  0.960649024014E-02  0.250000000000E-01  0.0000E+00
1  cu    -0.109706949793E+00  0.125196176879E+00  0.749225014325E-01  0.250000000000E-01  0.0000E+00
1  cu    -0.105511876216E+00 -0.660923874916E-01 -0.179444401086E+00  0.250000000000E-01  0.0000E+00
1  cu     0.137317373782E+00 -0.548905502708E-01  0.124245048502E+00  0.250000000000E-01  0.0000E+00
1  cu     0.519309466125E-01 -0.144822332347E+00 -0.108125376647E+00  0.250000000000E-01  0.0000E+00
1  cu    -0.147329031250E+00  0.772469614457E-01  0.106798673942E+00  0.250000000000E-01  0.0000E+00
1  cu    -0.959873873497E-01  0.105274141437E-01 -0.288969361319E-01  0.250000000000E-01  0.0000E+00
1  cu     0.126097779038E+00  0.380599155541E-02  0.299340613205E-02  0.250000000000E-01  0.0000E+00
1  cu     0.212195328347E+00  0.645693066455E-01  0.329997376118E-01  0.250000000000E-01  0.0000E+00
1  cu     0.203563313680E-01 -0.798069594943E-01  0.165720721165E-01  0.250000000000E-01  0.0000E+00
1  cu     0.905807345392E-01 -0.116472356438E+00  0.168047888866E+00  0.250000000000E-01  0.0000E+00
1  cu     0.238337746440E-01 -0.172085813216E+00  0.119267730655E+00  0.250000000000E-01  0.0000E+00
1  cu     0.100785659251E+00 -0.112028308258E+00 -0.386672426274E-01  0.250000000000E-01  0.0000E+00
1  cu    -0.146886715724E+00  0.141690004815E-01  0.762022425106E-01  0.250000000000E-01  0.0000E+00
1  cu     0.582885888952E-01  0.100163905491E+00  0.107457129020E+00  0.250000000000E-01  0.0000E+00
1  cu    -0.593438206280E-01  0.194234714130E+00  0.418555018919E-01  0.250000000000E-01  0.0000E+00
1  cu     0.950528002532E-01 -0.728570070309E-02  0.732978163861E-01  0.250000000000E-01  0.0000E+00
1  cu     0.352070099064E-01  0.176718834554E+00  0.237701352928E-01  0.250000000000E-01  0.0000E+00
1  cu    -0.251247504558E-01 -0.148318138955E+00 -0.152429566137E+00  0.250000000000E-01  0.0000E+00
1  cu    -0.124387067183E+00  0.999759273022E-01 -0.118095100473E+00  0.250000000000E-01  0.0000E+00
1  cu    -0.201741621937E+00  0.779528063905E-01 -0.478933161499E-01  0.250000000000E-01  0.0000E+00
1  cu    -0.873619961521E-01 -0.435690521465E-01 -0.106071107536E+00  0.250000000000E-01  0.0000E+00
1  cu    -0.643477562504E-01  0.659725291368E-01 -0.259337097774E-03  0.250000000000E-01  0.0000E+00
1  cu    -0.772187870961E-01  0.994654188877E-01  0.170728753529E+00  0.250000000000E-01  0.0000E+00
1  cu    -0.115862516079E+00  0.165574140434E+00 -0.710201201554E-01  0.250000000000E-01  0.0000E+00
1  cu    -0.106645246158E+00 -0.356095081304E-01 -0.391967746254E-01  0.250000000000E-01  0.0000E+00
1  cu    -0.742084725181E-02 -0.291382525946E-01 -0.988848309952E-01  0.250000000000E-01  0.0000E+00
1  cu     0.893887469544E-01  0.153995053429E+00 -0.151641977549E-01  0.250000000000E-01  0.0000E+00
1  cu    -0.879516728516E-01  0.844115129832E-01 -0.386759768073E-01  0.250000000000E-01  0.0000E+00
1  cu    -0.171708480053E+00 -0.101178531057E+00  0.572008695965E-01  0.250000000000E-01  0.0000E+00
1  cu    -0.166726280524E-01  0.166567775444E+00  0.875137432354E-01  0.250000000000E-01  0.0000E+00
1  cu    -0.322207555780E-01 -0.113664276331E+00  0.757007946036E-01  0.250000000000E-01  0.0000E+00
1  cu    -0.338592467721E-01 -0.185403641639E+00 -0.795185712802E-01  0.250000000000E-01  0.0000E+00
1  cu    -0.677248515162E-01 -0.280972894870E-01 -0.203855417709E-02  0.250000000000E-01  0.0000E+00
1  cu    -0.108537141598E-01  0.952743362638E-02  0.198212350741E+00  0.250000000000E-01  0.0000E+00
1  cu     0.677356168868E-01 -0.478904127871E-01  0.153574137304E+00  0.250000000000E-01  0.0000E+00
1  cu     0.436914419481E-01  0.147531582128E+00 -0.304507639745E-01  0.250000000000E-01  0.0000E+00
1  cu    -0.154953066292E-02  0.555025542502E-01  0.113648823645E+00  0.250000000000E-01  0.0000E+00
1  cu     0.113236382714E+00 -0.260462442729E-01 -0.310349634493E-01  0.250000000000E-01  0.0000E+00
1  cu    -0.167443219021E+00 -0.653167553592E-01 -0.535941100897E-01  0.250000000000E-01  0.0000E+00
1  cu     0.118614581145E+00  0.128494017165E+00 -0.123580964124E+00  0.250000000000E-01  0.0000E+00
1  cu     0.663191509417E-01 -0.269452766990E-01  0.195682583197E+00  0.250000000000E-01  0.0000E+00
1  cu    -0.682851608263E-01 -0.191113000741E+00 -0.402483603094E-01  0.250000000000E-01  0.0000E+00
1  cu     0.205275290867E+00  0.241557820919E-01 -0.681777909489E-01  0.250000000000E-01  0.0000E+00
1  cu    -0.169113840152E+00 -0.189260383270E-01 -0.447536531094E-01  0.250000000000E-01  0.0000E+00
1  cu    -0.424335542784E-01 -0.149531542835E+00 -0.108701791185E+00  0.250000000000E-01  0.0000E+00
1  cu     0.123527724444E+00 -0.709213282125E-01 -0.406879797838E-01  0.250000000000E-01  0.0000E+00
1  cu     0.266498556390E-01 -0.603358722469E-01 -0.129805558954E+00  0.250000000000E-01  0.0000E+00
1  cu     0.898722827801E-01  0.205490113589E-01  0.117435660099E+00  0.250000000000E-01  0.0000E+00
1  cu     0.563620521481E-01 -0.266619997679E-01 -0.102999452112E+00  0.250000000000E-01  0.0000E+00
1  cu    -0.148104448122E+00 -0.290163182979E-01  0.949230175482E-01  0.250000000000E-01  0.0000E+00
1  cu     0.362866313375E-02  0.123695233074E+00 -0.100091908401E+00  0.250000000000E-01  0.0000E+00
1  cu     0.245285665852E-01  0.465331925237E-01  0.755310593499E-01  0.250000000000E-01  0.0000E+00
1  cu    -0.172750498278E+00 -0.341518600204E-01 -0.896275160269E-01  0.250000000000E-01  0.0000E+00
1  cu     0.544768440776E-01 -0.778780165332E-01 -0.167094704580E+00  0.250000000000E-01  0.0000E+00
1  cu     0.254071880426E-01 -0.903277575131E-01  0.183905736876E+00  0.250000000000E-01  0.0000E+00
1  cu     0.767706785229E-02 -0.745265672125E-01 -0.170454169954E+00  0.250000000000E-01  0.0000E+00
1  cu     0.506518900374E-01  0.411840383558E-01  0.157567662688E+00  0.250000000000E-01  0.0000E+00
1  cu    -0.191925429197E+00 -0.745575985980E-01  0.903024979141E-01  0.250000000000E-01  0.0000E+00
1  cu    -0.772695007504E-01  0.455761355362E-01 -0.127269225561E+00  0.250000000000E-01  0.0000E+00
1  cu    -0.507152454247E-01 -0.112955184554E+00  0.324738091179E-01  0.250000000000E-01  0.0000E+00
1  cu     0.210088430859E-01 -0.276682037001E-01  0.817628673119E-01  0.250000000000E-01  0.0000E+00
1  cu    -0.698177853486E-01  0.160316137944E+00 -0.790863520304E-01  0.250000000000E-01  0.0000E+00
1  cu    -0.107308489309E-01  0.210559461921E+00 -0.608291256618E-01  0.250000000000E-01  0.0000E+00
1  cu    -0.618917153472E-01 -0.401871001402E-01  0.102751000899E+00  0.250000000000E-01  0.0000E+00
1  cu    -0.886272442626E-01  0.154684925978E+00  0.104906026210E+00  0.250000000000E-01  0.0000E+00
1  cu     0.122163834979E+00 -0.147019529410E+00  0.441646663466E-02  0.250000000000E-01  0.0000E+00
1  cu    -0.200904144984E+00  0.172069530824E-02 -0.726022267275E-01  0.250000000000E-01  0.0000E+00
1  cu     0.107661912400E+00  0.111487916579E+00 -0.487171703270E-01  0.250000000000E-01  0.0000E+00
1  cu     0.162153265939E+00  0.137438438875E+00 -0.916050123340E-03  0.250000000000E-01  0.0000E+00
1  cu    -0.476866277387E-01 -0.395212671924E-01 -0.769258517702E-01  0.250000000000E-01  0.0000E+00
1  cu    -0.609231456249E-02  0.633844106341E-01 -0.155724515912E+00  0.250000000000E-01  0.0000E+00
1  cu    -0.129845357919E-01  0.969965822004E-02 -0.124828183472E+00  0.250000000000E-01  0.0000E+00
1  cu     0.132354202071E+00 -0.192092258419E-01  0.472198292304E-01  0.250000000000E-01  0.0000E+00
1  cu    -0.941871424253E-01 -0.135656624609E+00 -0.123064452586E+00  0.250000000000E-01  0.0000E+00
1  cu     0.521099146418E-01 -0.698843254712E-01 -0.849432774338E-01  0.250000000000E-01  0.0000E+00
1  cu    -0.175617284366E+00  0.357936996973E-01  0.132010361249E-01  0.250000000000E-01  0.0000E+00
1  cu     0.143324819361E+00  0.135640487581E+00  0.666057888589E-01  0.250000000000E-01  0.0000E+00
1  cu     0.196881542552E+00  0.105732114196E+00  0.161418233145E-01  0.250000000000E-01  0.0000E+00
1  cu    -0.186810524344E+00  0.453437037772E-01  0.799223365072E-01  0.250000000000E-01  0.0000E+00
1  cu     0.158488789526E+00  0.592147608402E-01 -0.899981087387E-01  0.250000000000E-01  0.0000E+00
1  cu    -0.772182478735E-01  0.535864131891E-02  0.185128168416E+00  0.250000000000E-01  0.0000E+00
1  cu     0.576357179969E-01  0.152845239635E-01 -0.169754505905E+00  0.250000000000E-01  0.0000E+00
1  cu     0.137238729772E+00 -0.417582219444E-01  0.621102700204E-02  0.250000000000E-01  0.0000E+00
1  cu    -0.430654246765E-01 -0.247245324275E-01  0.197035748347E+00  0.250000000000E-01  0.0000E+00
1  cu     0.539747263938E-01  0.334200736161E-01 -0.282108689566E-01  0.250000000000E-01  0.0000E+00
1  cu     0.377349428849E-01  0.137814563434E+00 -0.129230374593E+00  0.250000000000E-01  0.0000E+00
1  cu    -0.485447443488E-01 -0.111268619976E+00 -0.135377634413E+00  0.250000000000E-01  0.0000E+00
1  cu     0.162064621554E+00  0.107053371879E-01  0.905741080237E-01  0.250000000000E-01  0.0000E+00
1  cu    -0.458343582842E-01  0.153412135340E+00 -0.311948817725E-01  0.250000000000E-01  0.0000E+00
1  cu     0.529893987088E-01  0.160949906397E+00  0.643482923412E-01  0.250000000000E-01  0.0000E+00
1  cu    -0.102651897109E+00 -0.583710072188E-01  0.429727306061E-01  0.250000000000E-01  0.0000E+00
1  cu     0.354653009899E-01  0.129953229230E+00  0.135837661369E+00  0.250000000000E-01  0.0000E+00
1  cu     0.664520442002E-01 -0.922060322720E-01 -0.403008704013E-02  0.250000000000E-01  0.0000E+00
1  cu     0.265926052086E-01 -0.412251157579E-02  0.139333370264E-01  0.250000000000E-01  0.0000E+00
1  cu     0.543297625526E-01  0.508133517766E-01  0.111656433652E+00  0.250000000000E-01  0.0000E+00
1  cu     0.612599679082E-01  0.137556453195E+00  0.239735398557E-01  0.250000000000E-01  0.0000E+00
1  cu    -0.710401923999E-01 -0.151013853246E+00 -0.158198550722E-01  0.250000000000E-01  0.0000E+00
1  cu     0.108007578823E+00 -0.736675272216E-01  0.159266556236E+00  0.250000000000E-01  0.0000E+00
1  cu     0.109994794418E+00 -0.274073767710E-01  0.150887923854E+00  0.250000000000E-01  0.0000E+00
1  cu    -0.123093976927E+00  0.118543501318E-01 -0.153343102689E+00  0.250000000000E-01  0.0000E+00
1  cu    -0.141663099277E+00  0.118992198217E-01 -0.171108680537E-01  0.250000000000E-01  0.0000E+00
1  cu     0.150572017399E+00  0.101896458293E+00  0.985599634698E-01  0.250000000000E-01  0.0000E+00
1  cu    -0.615691226908E-01 -0.386043505594E-01  0.557376881976E-01  0.250000000000E-01  0.0000E+00
1  cu     0.198962856758E-01 -0.426357380395E-01 -0.122150497621E-01  0.250000000000E-01  0.0000E+00
1  cu    -0.512105946497E-01 -0.189035226096E+00  0.351851207486E-02  0.250000000000E-01  0.0000E+00
1  cu     0.120352611469E+00 -0.229554623012E-01 -0.159582857146E+00  0.250000000000E-01  0.0000E+00
1  cu    -0.189146516707E-01 -0.976452173928E-01  0.170020423296E+00  0.250000000000E-01  0.0000E+00
1  cu    -0.990968496862E-01  0.342242415371E-01 -0.719992927985E-01  0.250000000000E-01  0.0000E+00
1  cu     0.543311504251E-01 -0.145349477790E+00  0.143182746565E+00  0.250000000000E-01  0.0000E+00
1  cu    -0.692814538842E-01  0.945591849003E-01 -0.191263193703E+00  0.250000000000E-01  0.0000E+00
1  cu    -0.315186362581E-01 -0.161799332884E+00 -0.389135782780E-01  0.250000000000E-01  0.0000E+00
1  cu    -0.955739527990E-01 -0.857696890798E-01  0.174544334927E+00  0.250000000000E-01  0.0000E+00
1  cu    -0.628217961334E-01 -0.678784286156E-01 -0.268781928076E-01  0.250000000000E-01  0.0000E+00
1  cu     0.209943884341E+00  0.134457575655E-01  0.250216997739E-01  0.250000000000E-01  0.0000E+00
1  cu    -0.107197369277E+00 -0.520338234090E-01  0.981767543881E-01  0.250000000000E-01  0.0000E+00
1  cu    -0.176207789803E+00  0.116778453552E+00 -0.406151207371E-01  0.250000000000E-01  0.0000E+00
1  cu    -0.122324718089E+00 -0.783619025451E-01 -0.510059646055E-01  0.250000000000E-01  0.0000E+00
1  cu     0.422216181225E-01 -0.144679919968E+00  0.152101201942E-01  0.250000000000E-01  0.0000E+00
1  cu    -0.149478197369E+00 -0.138151689018E+00 -0.937889859025E-01  0.250000000000E-01  0.0000E+00
1  cu     0.236025790003E-01  0.582786530917E-02 -0.938436669231E-01  0.250000000000E-01  0.0000E+00
1  cu    -0.155819481790E+00 -0.900633177629E-01 -0.918866304935E-01  0.250000000000E-01  0.0000E+00
1  cu    -0.137347320781E+00  0.149892375942E+00  0.459723768296E-01  0.250000000000E-01  0.0000E+00
1  cu    -0.850625727451E-01  0.118439613612E+00  0.354678577662E-01  0.250000000000E-01  0.0000E+00
1  cu    -0.442747732001E-02  0.154467952077E+00  0.131263095295E+00  0.250000000000E-01  0.0000E+00
1  cu    -0.109190299996E+00  0.967630330466E-01  0.142356685909E-02  0.250000000000E-01  0.0000E+00
1  cu     0.101457778385E+00 -0.953527303101E-01  0.797728229571E-01  0.250000000000E-01  0.0000E+00
1  cu     0.159066665950E+00 -0.833902086343E-01  0.741974518093E-02  0.250000000000E-01  0.0000E+00
1  cu     0.111156641830E+00 -0.497091277829E-01  0.855213461342E-01  0.250000000000E-01  0.0000E+00
1  cu     0.896659663878E-01  0.923352212586E-01 -0.902373346927E-01  0.250000000000E-01  0.0000E+00
1  cu    -0.688864016303E-01  0.672453600347E-01 -0.864006888299E-01  0.250000000000E-01  0.0000E+00
1  cu     0.145699956667E+00  0.166633143265E-01 -0.158547120487E+00  0.250000000000E-01  0.0000E+00
1  cu     0.193564649644E-01  0.436871012527E-01 -0.121432566052E+00  0.250000000000E-01  0.0000E+00
1  cu     0.415758595528E-01 -0.104945676954E+00 -0.130850235507E+00  0.250000000000E-01  0.0000E+00
1  cu     0.431414675361E-01 -0.189092584592E+00 -0.935008642274E-02  0.250000000000E-01  0.0000E+00
1  cu    -0.165460985311E+00  0.677754208387E-01 -0.197445137677E-01  0.250000000000E-01  0.0000E+00
1  cu     0.178333894656E+00 -0.905219210761E-01 -0.437825915650E-01  0.250000000000E-01  0.0000E+00
1  cu    -0.291784020835E-01  0.928480058919E-01  0.106262918281E+00  0.250000000000E-01  0.0000E+00
1  cu     0.104101984390E+00  0.149007353415E-03  0.188553071423E+00  0.250000000000E-01  0.0000E+00
1  cu     0.397961069459E-01 -0.110025876728E+00  0.469178010277E-01  0.250000000000E-01  0.0000E+00
1  cu    -0.119915534713E-01 -0.179164029515E-01  0.160025645396E+00  0.250000000000E-01  0.0000E+00
1  cu    -0.164164554634E+00  0.867581018728E-01 -0.747749454348E-01  0.250000000000E-01  0.0000E+00
1  cu     0.177033529157E-01  0.743728437340E-01  0.338007518771E-01  0.250000000000E-01  0.0000E+00
1  cu    -0.211448277356E-01  0.308767002286E-01 -0.284982531390E-01  0.250000000000E-01  0.0000E+00
1  cu    -0.923066091161E-01  0.162183982591E+00  0.517197592987E-01  0.250000000000E-01  0.0000E+00
1  cu     0.130387235968E+00 -0.245861657667E-01 -0.748843195249E-01  0.250000000000E-01  0.0000E+00
1  cu     0.243385903164E-02  0.979317143784E-02  0.103307575274E+00  0.250000000000E-01  0.0000E+00
1  cu     0.127494269230E+00  0.167745523828E+00  0.871107501984E-02  0.250000000000E-01  0.0000E+00
1  cu    -0.452560083243E-01  0.136094104266E+00  0.115526069207E+00  0.250000000000E-01  0.0000E+00
1  cu    -0.669696466554E-01 -0.153745898918E+00 -0.687679036637E-01  0.250000000000E-01  0.0000E+00
1  cu     0.964637437371E-01 -0.969022072395E-01 -0.150554140930E+00  0.250000000000E-01  0.0000E+00
1  cu    -0.916647291939E-01  0.374579360965E-01  0.101249340226E+00  0.250000000000E-01  0.0000E+00
1  cu     0.706916239456E-01  0.315431091904E-01  0.199083962922E+00  0.250000000000E-01  0.0000E+00
1  cu     0.176700447806E+00  0.224280533161E-01 -0.701745585106E-02  0.250000000000E-01  0.0000E+00
1  cu     0.191531149807E+00  0.346071934640E-01  0.627894301528E-01  0.250000000000E-01  0.0000E+00
1  cu    -0.254876593063E-01 -0.208236968226E-01  0.801037121365E-01  0.250000000000E-01  0.0000E+00
1  cu    -0.183255942186E+00 -0.656424297440E-01  0.264064016070E-01  0.250000000000E-01  0.0000E+00
1  cu    -0.532218937657E-01 -0.727268201543E-01  0.190316933358E+00  0.250000000000E-01  0.0000E+00
1  cu     0.360396091030E-01  0.150714275813E+00 -0.793341689966E-01  0.250000000000E-01  0.0000E+00
1  cu     0.673866508347E-01 -0.131260137144E-01 -0.149044314215E-01  0.250000000000E-01  0.0000E+00
1  cu    -0.177355069957E-01 -0.488697108382E-01 -0.140298686207E+00  0.250000000000E-01  0.0000E+00
1  cu    -0.145549099692E+00 -0.471655157225E-01 -0.154252163148E-01  0.250000000000E-01  0.0000E+00
1  cu     0.846178496892E-01  0.968861282788E-01  0.276309685497E-01  0.250000000000E-01  0.0000E+00
1  cu     0.964452024660E-01  0.169430686134E-01 -0.399733198348E-01  0.250000000000E-01  0.0000E+00
1  cu    -0.162185231603E-01  0.678809917396E-01  0.657310807397E-01  0.250000000000E-01  0.0000E+00
1  cu     0.132845480420E+00  0.151291551175E+00 -0.350198844921E-01  0.250000000000E-01  0.0000E+00
1  cu    -0.416921702244E-01  0.194269897505E+00 -0.968838848216E-01  0.250000000000E-01  0.0000E+00
1  cu    -0.182383178068E+00 -0.369559517344E-01  0.636947512836E-01  0.250000000000E-01  0.0000E+00
1  cu     0.185323600180E+00  0.265973277486E-01 -0.110706618389E+00  0.250000000000E-01  0.0000E+00
1  cu     0.130844577677E+00  0.708850889367E-01 -0.537548374711E-01  0.250000000000E-01  0.0000E+00
1  cu     0.269141051899E-01 -0.217641030947E+00  0.410058361948E-01  0.250000000000E-01  0.0000E+00
1  cu     0.642175473303E-01 -0.265480819049E-01 -0.190851109844E+00  0.250000000000E-01  0.0000E+00
1  cu    -0.974703440595E-01  0.186170012114E+00 -0.310975537296E-01  0.250000000000E-01  0.0000E+00
1  cu    -0.113682835374E+00  0.785820122811E-01 -0.776206795257E-01  0.250000000000E-01  0.0000E+00
1  cu    -0.629321654063E-01  0.403262273793E-01  0.436023821659E-01  0.250000000000E-01  0.0000E+00
1  cu    -0.114826374471E+00  0.307177613507E-01  0.162003847111E+00  0.250000000000E-01  0.0000E+00
1  cu     0.101548827942E+00  0.773552632619E-01 -0.167208903875E-01  0.250000000000E-01  0.0000E+00
1  cu     0.204760368672E+00 -0.743694693636E-01  0.294342000154E-01  0.250000000000E-01  0.0000E+00
1  cu    -0.182730917848E-01  0.115979788216E+00 -0.240248571052E-01  0.250000000000E-01  0.0000E+00
1  cu     0.811236247369E-01 -0.139179959591E+00 -0.716440186105E-01  0.250000000000E-01  0.0000E+00
1  cu     0.895714237936E-01  0.360840422434E-01  0.243674898230E-02  0.250000000000E-01  0.0000E+00
1  cu    -0.168367138998E+00 -0.881724725731E-01 -0.124800930972E-01  0.250000000000E-01  0.0000E+00
1  cu    -0.122670772937E-02  0.193514446133E+00 -0.180199532739E-01  0.250000000000E-01  0.0000E+00
1  cu    -0.121590353733E+00 -0.953492785153E-01  0.132061208720E+00  0.250000000000E-01  0.0000E+00
1  cu     0.552381399735E-01 -0.898239754115E-01  0.864833789101E-01  0.250000000000E-01  0.0000E+00
1  cu     0.682674171495E-01  0.146094485332E+00  0.106270981193E+00  0.250000000000E-01  0.0000E+00
1  cu     0.792402896548E-01 -0.103960501764E+00 -0.102722959550E+00  0.250000000000E-01  0.0000E+00
1  cu     0.157238271559E+00 -0.143416316631E+00  0.622862117683E-01  0.250000000000E-01  0.0000E+00
1  cu    -0.769432071585E-01  0.384601442696E-02 -0.148943679028E+00  0.250000000000E-01  0.0000E+00
1  cu     0.938956359358E-01 -0.184562613133E+00  0.224488579175E-02  0.250000000000E-01  0.0000E+00
1  cu    -0.241748553820E-01 -0.560617928779E-01 -0.281090721030E-02  0.250000000000E-01  0.0000E+00
1  cu    -0.216886336163E+00 -0.331598738431E-01  0.212146335152E-01  0.250000000000E-01  0.0000E+00
1  cu     0.145053233581E+00 -0.116891403412E+00 -0.235448481539E-01  0.250000000000E-01  0.0000E+00
1  cu     0.150964964431E-01  0.928427454682E-01  0.903965509845E-01  0.250000000000E-01  0.0000E+00
1  cu     0.291301925708E-02  0.179384322109E+00 -0.964093916411E-01  0.250000000000E-01  0.0000E+00
1  cu     0.175553312705E-01  0.377990356392E-01 -0.598997320788E-01  0.250000000000E-01  0.0000E+00
1  cu    -0.965957753521E-01  0.729765260607E-01  0.399938763001E-01  0.250000000000E-01  0.0000E+00
1  cu     0.283832380840E-01 -0.148486462325E-01  0.136087683544E+00  0.250000000000E-01  0.0000E+00
1  cu     0.124752126206E+00 -0.106779506706E+00 -0.114303047280E+00  0.250000000000E-01  0.0000E+00
1  cu     0.105457949573E+00  0.114280422530E+00  0.103476369588E+00  0.250000000000E-01  0.0000E+00
1  cu    -0.264890551847E-01 -0.194095170173E+00  0.868511621940E-01  0.250000000000E-01  0.0000E+00
1  cu     0.145531079110E-02 -0.153665507923E+00 -0.732446206462E-01  0.250000000000E-01  0.0000E+00
1  cu     0.914504205616E-01  0.711140995040E-01  0.910903204750E-01  0.250000000000E-01  0.0000E+00
1  cu     0.759661199555E-01  0.815593513782E-01 -0.173836199556E+00  0.250000000000E-01  0.0000E+00
1  cu     0.509556976627E-01 -0.433023754523E-01  0.231244300545E-01  0.250000000000E-01  0.0000E+00
1  cu    -0.324671163308E-01  0.132815203679E+00 -0.713285045260E-01  0.250000000000E-01  0.0000E+00
1  cu     0.512278576324E-01  0.207178990950E+00  0.558155627652E-01  0.250000000000E-01  0.0000E+00
1  cu     0.123627389041E+00 -0.998753915146E-01  0.123458888603E+00  0.250000000000E-01  0.0000E+00
1  cu    -0.204849821148E+00  0.653018876048E-01  0.352474160465E-01  0.250000000000E-01  0.0000E+00
1  cu    -0.101154537171E+00  0.882581429348E-01 -0.157261634309E+00  0.250000000000E-01  0.0000E+00
1  cu     0.156297228858E-01 -0.770522664879E-01 -0.440676529736E-01  0.250000000000E-01  0.0000E+00
1  cu     0.708056511304E-01 -0.790753568350E-01  0.188636003926E+00  0.250000000000E-01  0.0000E+00
1  cu    -0.871392521345E-01 -0.401826307106E-01  0.191386005770E+00  0.250000000000E-01  0.0000E+00
1  cu    -0.165733345674E+00  0.251761480011E-01 -0.138629025887E+00  0.250000000000E-01  0.0000E+00
1  cu    -0.352911117388E-01  0.620617952685E-01 -0.192592056423E+00  0.250000000000E-01  0.0000E+00
1  cu    -0.363106980702E-01 -0.571825862978E-01 -0.182685571724E+00  0.250000000000E-01  0.0000E+00
1  cu     0.458440561399E-01 -0.181945422465E+00 -0.765061106954E-01  0.250000000000E-01  0.0000E+00
1  cu     0.109746948121E+00 -0.156577998965E+00  0.487840122454E-01  0.250000000000E-01  0.0000E+00
1  cu    -0.796129606743E-01  0.137154870079E+00 -0.148991248162E+00  0.250000000000E-01  0.0000E+00
1  cu    -0.906527028977E-01  0.139857738137E+00 -0.357483928764E-01  0.250000000000E-01  0.0000E+00
1  cu     0.922958947156E-02 -0.157206870237E+00 -0.159125369521E-01  0.250000000000E-01  0.0000E+00
1  cu    -0.116784358321E+00  0.112965240683E+00  0.119744292412E+00  0.250000000000E-01  0.0000E+00
1  cu     0.126294854529E-01 -0.124007151814E+00  0.147158122952E+00  0.250000000000E-01  0.0000E+00
1  cu    -0.382732302813E-01  0.210671219528E-01  0.161790898259E+00  0.250000000000E-01  0.0000E+00
1  cu    -0.135497975049E+00  0.330693587856E-01  0.117759041014E+00  0.250000000000E-01  0.0000E+00
1  cu    -0.138899512846E-01 -0.364913969363E-01 -0.443600582741E-01  0.250000000000E-01  0.0000E+00
1  cu     0.584707130381E-01  0.189468160012E+00 -0.150559474831E-01  0.250000000000E-01  0.0000E+00
1  cu     0.146614036476E+00  0.610716055521E-02 -0.392797314568E-01  0.250000000000E-01  0.0000E+00
1  cu    -0.114877678282E+00 -0.178939202501E-01  0.635590941726E-01  0.250000000000E-01  0.0000E+00
  list of objects:
** *****  ******************   ******************  ******************  *****************  **********
0  plane  0.100000000000E+01  0.000000000000E+00  0.000000000000E+00  0.637195328347E+00  0.0000E+00
** *****  ******************   ******************  ******************  *****************  **********
0  plane -0.100000000000E+01  0.000000000000E+00  0.000000000000E+00  0.642003132526E+00  0.0000E+00
** *****  ******************   ******************  ******************  *****************  **********
0  plane  0.000000000000E+00  0.100000000000E+01  0.000000000000E+00  0.645570550193E+00  0.0000E+00
** *****  ******************   ******************  ******************  *****************  **********
0  plane  0.000000000000E+00 -0.100000000000E+01  0.000000000000E+00  0.642641030947E+00  0.0000E+00
** *****  ******************   ******************  ******************  *****************  **********
0  plane  0.000000000000E+00  0.000000000000E+00  0.100000000000E+01  0.247689877565E+00  0.0000E+00
** *****  ******************   ******************  ******************  *****************  **********
0  plane  0.000000000000E+00  0.000000000000E+00 -0.100000000000E+01  0.246340905328E+00  0.0000E+00
** *****  ******************   ******************  ******************  *****************  **********
   bonded contacts (i,j):      1905 Coble
       1      61
       1      91
       1     322
       1     339
       2      59
       2     285
       2     347
       2     469
       2     541
       3      31
       3      75
       3     155
       3     164
       3     256
       3     327
       3     350
       3     361
       3     471
       3     502
       4      65
       4     295
       4     354
       4     377
       4     403
       4     448
       4     538
       4     553
       5     100
       5     117
       5     230
       5     433
       6      66
       6      81
       6     177
       6     218
       6     412
       6     468
       6     485
       7     107
       7     122
       7     155
       7     164
       7     341
       7     479
       7     502
       7     524
       7     556
       8      48
       8      79
       8     172
       8     250
       8     465
       8     492
       8     521
       9      31
       9      72
       9     115
       9     118
       9     208
       9     474
       9     483
       9     492
       9     502
      10     141
      10     148
      10     438
      10     546
      11      22
      11      76
      11     211
      11     216
      11     239
      11     368
      11     414
      11     457
      11     486
      12     228
      12     360
      12     529
      12     544
      13      20
      13      46
      13      53
      13     505
      13     515
      14      61
      14     230
      14     253
      14     277
      14     298
      14     322
      14     339
      14     359
      15      98
      15     233
      15     280
      15     296
      15     318
      15     326
      15     542
      16     115
      16     122
      16     146
      16     329
      16     333
      16     479
      16     524
      16     549
      17     194
      17     261
      17     349
      17     354
      17     398
      17     400
      17     488
      17     516
      18      19
      18      46
      18     153
      18     411
      18     442
      18     481
      19      46
      19      83
      19      92
      19     178
      19     416
      19     442
      19     482
      20      83
      20     331
      20     454
      20     456
      20     535
      21      67
      21     107
      21     151
      21     181
      21     268
      21     269
      21     404
      21     429
      21     519
      22      76
      22     243
      22     368
      22     396
      22     493
      23      77
      23     126
      23     133
      23     140
      23     281
      23     362
      23     369
      23     385
      23     525
      24      43
      24     198
      24     320
      24     413
      24     457
      24     491
      24     497
      24     504
      25     104
      25     345
      25     355
      25     424
      25     475
      25     554
      26     137
      26     169
      26     198
      26     216
      26     379
      26     486
      26     506
      27     170
      27     202
      27     210
      27     271
      27     356
      27     444
      27     453
      27     463
      27     469
      27     501
      28      74
      28     252
      28     447
      29      34
      29     279
      29     421
      29     454
      29     467
      29     512
      29     532
      30      40
      30      48
      30     166
      30     169
      30     255
      30     327
      30     350
      30     470
      30     506
      31      75
      31     155
      31     208
      31     212
      31     327
      31     431
      31     483
      32     100
      32     529
      32     544
      33     153
      33     204
      33     257
      33     366
      33     374
      33     411
      33     555
      34     136
      34     189
      34     197
      34     344
      34     389
      34     456
      34     512
      35      98
      35     232
      35     280
      35     317
      35     384
      35     499
      36     202
      36     271
      36     328
      36     450
      36     451
      36     453
      36     547
      37      49
      37     104
      37     355
      37     396
      37     397
      37     493
      37     504
      38     168
      38     223
      38     227
      38     241
      38     282
      38     507
      38     526
      39     152
      39     230
      39     316
      39     528
      40     109
      40     169
      40     188
      40     198
      40     265
      40     470
      40     506
      41     104
      41     405
      41     513
      42      57
      42     148
      42     158
      42     206
      42     235
      42     310
      42     379
      42     458
      42     533
      43     125
      43     158
      43     211
      43     320
      43     460
      43     523
      44      97
      44     228
      44     264
      44     276
      44     375
      44     384
      44     415
      44     461
      44     488
      45     120
      45     149
      45     375
      45     377
      45     382
      45     403
      45     478
      45     514
      46      83
      46      92
      46     279
      46     401
      46     411
      46     455
      46     505
      47     122
      47     127
      47     191
      47     536
      48      90
      48     172
      48     173
      48     188
      48     255
      48     506
      49     139
      49     219
      49     251
      49     307
      49     497
      50      82
      50     260
      50     287
      50     357
      50     511
      51     254
      51     292
      51     304
      51     314
      51     381
      51     428
      51     541
      52     107
      52     155
      52     182
      52     269
      52     334
      52     353
      52     361
      52     429
      52     489
      53     278
      53     394
      53     455
      53     515
      53     520
      54      66
      54      87
      54     142
      54     165
      54     244
      54     378
      55      60
      55     251
      55     336
      55     406
      56      84
      56     147
      56     250
      57     121
      57     194
      57     240
      57     324
      57     387
      57     399
      57     400
      58     199
      58     231
      58     250
      58     311
      58     424
      58     470
      58     521
      59     285
      59     304
      59     387
      59     436
      60     102
      60     108
      60     139
      60     238
      60     291
      61      91
      61     237
      61     321
      61     322
      61     339
      61     437
      61     512
      62     102
      62     174
      62     247
      62     430
      62     527
      62     530
      63     247
      63     416
      64     239
      64     272
      64     414
      65      75
      65     295
      65     413
      65     422
      65     432
      65     523
      66      81
      66      87
      66     142
      66     165
      66     288
      66     540
      67     151
      67     180
      67     181
      67     404
      67     519
      68      83
      68     189
      68     247
      68     331
      68     344
      68     376
      68     416
      68     427
      68     456
      69     302
      69     410
      69     531
      70     101
      70     152
      70     230
      70     267
      70     388
      70     425
      70     433
      70     439
      70     548
      71     139
      71     308
      71     336
      71     481
      72     115
      72     132
      72     218
      72     259
      72     288
      72     365
      72     479
      72     551
      73     131
      73     186
      73     229
      73     267
      73     337
      73     421
      73     446
      73     538
      73     548
      74      80
      74     209
      74     245
      74     252
      74     370
      74     425
      75     256
      75     422
      75     432
      75     471
      75     518
      75     553
      76     216
      76     355
      76     364
      76     486
      77      88
      77     134
      77     363
      77     383
      77     468
      77     525
      78     111
      78     183
      78     187
      78     209
      78     290
      78     419
      79     115
      79     124
      79     172
      79     255
      79     329
      79     451
      79     465
      79     476
      80     105
      80     167
      80     209
      80     315
      81     144
      81     177
      81     274
      81     392
      81     440
      81     443
      81     511
      82     142
      82     378
      82     386
      82     511
      83      92
      83     331
      83     401
      83     416
      83     456
      84     129
      84     173
      84     301
      84     510
      85     149
      85     185
      85     222
      85     286
      85     434
      85     478
      86     144
      86     226
      86     277
      86     298
      86     312
      87     118
      87     288
      87     378
      87     443
      87     479
      87     552
      87     556
      88     412
      88     485
      89     106
      89     254
      89     303
      89     348
      89     395
      89     469
      90     328
      90     350
      90     356
      90     417
      90     453
      90     506
      90     547
      91     190
      91     201
      91     237
      91     322
      91     454
      91     467
      91     545
      92     505
      93     177
      93     183
      93     196
      93     207
      93     321
      93     359
      93     392
      93     483
      94     187
      94     245
      94     260
      94     316
      95     197
      95     214
      95     306
      95     335
      95     344
      95     401
      95     487
      95     532
      96     119
      96     138
      96     258
      96     264
      96     276
      96     319
      96     373
      96     402
      96     415
      96     477
      97     112
      97     264
      97     276
      97     289
      97     354
      97     375
      97     403
      97     538
      98     121
      98     326
      98     488
      98     543
      99     128
      99     200
      99     242
      99     259
      99     283
      99     284
     100     117
     100     433
     100     548
     101     230
     101     267
     101     359
     101     388
     101     467
     102     238
     102     247
     102     416
     102     430
     103     174
     103     420
     103     513
     103     527
     104     108
     104     231
     104     405
     104     424
     104     475
     104     490
     105     111
     105     167
     105     182
     105     209
     105     252
     105     290
     105     315
     105     445
     105     509
     106     193
     106     210
     106     254
     106     303
     106     436
     106     469
     106     501
     107     269
     107     341
     107     404
     107     429
     108     231
     108     251
     108     291
     108     405
     108     490
     108     527
     108     530
     109     116
     109     166
     109     198
     109     265
     109     413
     109     490
     109     504
     109     508
     110     162
     110     299
     110     320
     110     408
     110     491
     110     497
     110     555
     111     182
     111     258
     111     262
     111     388
     111     425
     111     441
     112     186
     112     258
     112     264
     112     398
     112     441
     112     538
     112     553
     113     170
     113     206
     113     293
     113     347
     113     352
     113     390
     113     546
     114     120
     114     125
     114     232
     114     266
     114     299
     114     377
     114     410
     114     448
     114     460
     115     255
     115     465
     115     479
     115     492
     115     502
     116     145
     116     166
     116     197
     116     380
     116     422
     116     470
     117     230
     117     322
     117     446
     117     498
     117     548
     118     155
     118     392
     118     431
     118     479
     118     556
     119     224
     119     252
     119     319
     119     402
     119     445
     119     447
     119     449
     120     149
     120     266
     120     377
     120     410
     120     434
     120     499
     121     213
     121     318
     121     326
     121     399
     121     400
     121     516
     121     542
     122     127
     122     323
     122     333
     122     341
     122     407
     123     157
     123     174
     123     480
     124     146
     124     351
     124     465
     124     476
     124     549
     125     160
     125     239
     125     302
     125     320
     125     460
     125     531
     126     157
     126     189
     126     363
     126     369
     126     376
     126     385
     126     427
     126     466
     126     525
     127     202
     127     323
     127     329
     127     450
     127     453
     127     524
     128     284
     128     294
     128     351
     129     345
     129     510
     130     269
     130     287
     130     290
     130     357
     130     378
     130     419
     130     443
     131     156
     131     229
     131     289
     131     507
     131     529
     131     544
     131     548
     132     146
     132     179
     132     259
     132     288
     132     351
     132     551
     133     140
     133     362
     134     136
     134     171
     134     177
     134     196
     134     321
     134     383
     134     435
     134     550
     135     207
     135     212
     135     321
     135     337
     135     389
     135     467
     135     512
     136     161
     136     189
     136     363
     136     389
     136     512
     136     525
     137     184
     137     188
     137     364
     137     417
     137     506
     137     510
     137     533
     138     349
     138     398
     138     441
     138     445
     139     178
     139     219
     139     251
     139     291
     139     336
     139     481
     140     242
     140     362
     140     480
     141     148
     141     272
     141     296
     141     399
     141     542
     142     440
     142     511
     143     193
     143     194
     143     256
     143     304
     143     334
     143     349
     143     353
     143     398
     143     436
     144     177
     144     253
     144     274
     144     312
     144     435
     144     440
     145     197
     145     199
     145     214
     145     249
     145     344
     145     423
     145     530
     146     333
     146     479
     146     503
     146     549
     146     552
     147     217
     147     358
     147     534
     148     160
     148     192
     148     324
     148     379
     148     399
     149     220
     149     222
     149     299
     149     434
     149     473
     150     205
     150     408
     150     459
     150     496
     151     263
     151     268
     151     303
     151     372
     151     395
     152     187
     152     209
     152     230
     152     245
     152     388
     152     425
     152     433
     153     455
     153     464
     153     505
     154     343
     154     358
     154     393
     155     164
     155     361
     155     431
     155     502
     155     556
     156     190
     156     221
     156     241
     156     340
     156     446
     156     517
     157     174
     157     247
     157     376
     157     385
     157     466
     157     480
     158     211
     158     240
     158     379
     158     460
     158     523
     159     266
     159     313
     159     410
     159     434
     160     272
     160     302
     160     414
     161     171
     161     189
     161     237
     161     363
     161     426
     161     454
     161     456
     161     512
     161     535
     162     222
     162     266
     162     297
     162     459
     162     496
     163     190
     163     278
     163     279
     163     306
     163     340
     163     421
     163     455
     163     520
     164     210
     164     323
     164     334
     164     350
     164     502
     164     524
     165     409
     165     503
     165     540
     166     169
     166     327
     166     413
     166     470
     166     471
     167     445
     167     447
     167     449
     167     509
     168     204
     168     220
     168     227
     168     340
     168     374
     168     520
     168     526
     169     198
     169     235
     169     240
     169     471
     169     506
     169     523
     170     271
     170     347
     170     352
     170     469
     170     501
     171     237
     171     338
     171     363
     171     383
     171     539
     172     173
     172     250
     172     343
     172     358
     172     472
     173     188
     173     250
     173     301
     173     328
     173     343
     173     510
     174     270
     174     342
     174     385
     174     423
     175     180
     175     202
     175     463
     175     536
     176     301
     176     390
     176     391
     176     417
     176     494
     176     500
     177     196
     177     253
     177     435
     178     214
     178     335
     178     401
     178     481
     178     482
     179     283
     180     348
     180     404
     180     536
     181     341
     181     404
     181     407
     181     495
     182     262
     182     290
     182     353
     182     419
     182     441
     182     489
     183     262
     183     274
     183     287
     183     359
     183     388
     183     419
     183     431
     184     364
     184     391
     184     486
     184     510
     184     554
     185     204
     185     222
     185     526
     186     258
     186     264
     186     267
     186     439
     186     529
     187     226
     187     260
     187     274
     187     287
     187     298
     188     250
     188     345
     188     364
     188     506
     189     249
     189     344
     189     363
     189     376
     189     427
     189     456
     190     278
     190     394
     190     421
     190     446
     190     545
     191     329
     191     333
     191     549
     192     272
     192     310
     192     379
     192     414
     192     522
     193     215
     193     254
     193     334
     193     353
     193     372
     193     429
     193     436
     194     240
     194     387
     195     246
     195     382
     195     461
     195     478
     196     218
     196     389
     196     468
     196     483
     196     525
     197     208
     197     249
     197     344
     197     389
     197     422
     197     532
     198     216
     198     413
     199     231
     199     380
     199     470
     199     490
     199     530
     200     270
     200     284
     200     420
     201     237
     201     454
     201     515
     201     545
     202     271
     202     444
     202     453
     203     240
     203     256
     203     354
     203     448
     203     471
     203     523
     203     553
     204     220
     204     222
     204     374
     204     464
     204     473
     205     239
     205     243
     205     313
     205     320
     205     368
     205     457
     206     293
     206     324
     206     347
     206     458
     206     537
     206     546
     207     212
     207     262
     207     267
     207     337
     207     388
     207     518
     208     212
     208     327
     208     380
     208     389
     208     422
     208     474
     209     245
     209     315
     209     425
     210     323
     210     334
     210     356
     210     429
     210     463
     211     216
     211     239
     211     379
     211     414
     211     457
     212     389
     212     422
     213     318
     213     324
     213     387
     213     438
     213     537
     213     542
     214     238
     214     291
     214     335
     214     344
     214     401
     214     508
     215     292
     215     349
     215     353
     215     381
     215     445
     216     265
     216     364
     216     396
     216     457
     216     486
     217     420
     217     513
     218     288
     218     392
     218     468
     218     474
     218     483
     218     551
     219     291
     219     308
     219     335
     219     481
     219     497
     219     504
     219     555
     220     273
     220     374
     220     514
     220     526
     221     241
     221     462
     221     517
     221     544
     222     297
     222     473
     223     282
     223     507
     223     544
     224     292
     224     319
     224     402
     224     447
     224     449
     225     248
     225     261
     225     330
     225     415
     225     543
     226     274
     226     287
     226     316
     226     511
     227     241
     227     520
     228     246
     228     264
     228     289
     228     332
     228     346
     228     529
     229     234
     229     289
     229     340
     229     403
     229     421
     229     538
     230     298
     230     528
     231     342
     231     418
     231     424
     231     490
     231     513
     231     527
     232     326
     232     375
     232     377
     232     400
     232     448
     233     326
     233     410
     234     273
     234     306
     234     421
     234     432
     234     487
     234     538
     235     240
     235     293
     235     356
     235     458
     235     506
     235     533
     236     240
     236     256
     236     334
     236     350
     236     356
     236     436
     236     471
     237     437
     237     454
     237     512
     237     535
     238     247
     238     376
     238     416
     238     530
     239     368
     239     457
     239     531
     240     458
     240     471
     240     523
     241     340
     241     394
     241     507
     242     259
     242     270
     242     281
     242     283
     242     385
     243     307
     243     368
     243     396
     243     408
     243     457
     243     497
     244     341
     244     378
     244     552
     245     433
     246     248
     246     346
     246     461
     247     376
     248     346
     248     384
     249     376
     249     389
     249     423
     249     474
     249     525
     250     345
     250     358
     251     291
     251     397
     251     405
     251     406
     252     258
     252     425
     252     477
     253     274
     253     277
     253     298
     253     312
     253     321
     253     359
     253     550
     254     381
     254     395
     254     541
     255     350
     255     451
     255     492
     255     502
     255     524
     256     334
     256     361
     256     471
     257     297
     257     371
     257     481
     258     425
     258     441
     258     477
     259     283
     259     284
     259     365
     259     551
     260     287
     260     315
     260     357
     261     276
     261     319
     261     325
     261     349
     261     488
     261     543
     262     361
     262     388
     262     419
     262     431
     262     441
     262     518
     263     268
     263     367
     263     372
     263     381
     263     395
     264     276
     264     289
     264     373
     264     529
     265     355
     265     364
     265     424
     265     490
     265     504
     266     299
     266     313
     266     320
     266     434
     266     459
     267     337
     267     388
     267     518
     268     367
     268     372
     268     484
     268     489
     268     509
     268     519
     269     290
     269     484
     269     495
     269     556
     270     284
     270     342
     270     365
     270     385
     270     423
     271     352
     271     444
     271     547
     272     414
     273     295
     273     299
     273     366
     273     377
     273     473
     274     287
     274     359
     275     301
     275     343
     275     472
     275     500
     276     398
     276     415
     276     488
     277     298
     277     312
     277     339
     277     528
     278     279
     278     454
     278     515
     278     545
     279     401
     279     411
     279     456
     281     365
     281     385
     281     468
     281     474
     281     525
     281     551
     282     332
     282     514
     282     526
     283     362
     283     551
     284     420
     284     452
     284     465
     285     428
     285     537
     285     541
     286     382
     286     434
     286     478
     286     499
     287     443
     287     511
     288     409
     288     479
     288     503
     288     551
     289     332
     289     529
     290     315
     290     419
     290     484
     290     509
     291     490
     291     504
     291     508
     292     314
     292     319
     292     449
     293     356
     293     390
     293     501
     293     547
     294     351
     294     393
     295     299
     295     377
     295     413
     295     448
     295     491
     296     302
     296     542
     297     371
     297     473
     297     496
     298     359
     298     528
     299     320
     299     377
     299     473
     300     322
     300     446
     300     462
     300     498
     300     517
     301     328
     301     343
     301     500
     302     326
     302     399
     302     410
     302     531
     303     372
     303     395
     303     429
     303     463
     304     314
     304     349
     304     428
     305     339
     305     498
     305     528
     306     366
     306     411
     306     421
     306     487
     306     532
     307     308
     307     408
     307     497
     308     371
     308     408
     308     481
     308     497
     308     555
     309     414
     309     486
     309     522
     310     390
     310     533
     310     546
     311     358
     311     418
     311     420
     311     452
     311     513
     311     521
     312     435
     313     459
     313     531
     314     325
     314     330
     314     349
     314     428
     314     516
     315     357
     317     382
     317     384
     318     325
     318     516
     319     349
     319     402
     320     457
     321     359
     322     446
     322     467
     323     404
     323     453
     323     463
     323     524
     324     399
     324     438
     324     542
     325     330
     325     516
     325     543
     326     399
     326     400
     326     410
     327     492
     327     502
     328     417
     328     451
     328     472
     329     393
     329     450
     329     451
     329     472
     329     549
     331     426
     331     427
     331     456
     331     535
     332     461
     332     507
     332     514
     332     544
     333     549
     333     552
     334     353
     334     429
     334     436
     335     366
     335     411
     335     508
     335     555
     336     406
     336     482
     337     432
     337     467
     337     532
     338     426
     338     539
     339     437
     340     374
     340     507
     340     520
     341     378
     341     552
     341     556
     342     420
     342     423
     342     513
     342     521
     342     527
     342     530
     343     472
     344     401
     344     456
     345     418
     345     424
     345     534
     345     554
     346     373
     346     415
     347     501
     347     537
     348     444
     348     463
     348     469
     349     398
     350     356
     352     390
     352     500
     353     445
     353     489
     354     398
     354     400
     354     448
     354     488
     355     364
     355     475
     355     493
     355     554
     356     453
     356     501
     357     386
     357     484
     358     452
     359     388
     360     373
     360     439
     360     477
     360     529
     361     441
     362     412
     362     468
     362     551
     363     369
     363     426
     363     427
     363     539
     364     486
     364     554
     365     380
     365     465
     365     474
     365     521
     366     374
     366     411
     366     473
     366     491
     366     555
     367     372
     367     381
     367     445
     367     449
     367     489
     367     509
     369     466
     370     425
     370     433
     370     439
     370     477
     371     496
     372     381
     372     395
     372     429
     372     489
     373     415
     373     477
     375     382
     375     384
     375     461
     375     488
     376     423
     377     403
     377     448
     378     443
     378     495
     378     556
     379     414
     379     486
     379     533
     380     423
     380     492
     380     521
     381     395
     382     384
     382     461
     382     478
     383     435
     383     539
     384     488
     384     543
     385     423
     385     480
     386     495
     387     458
     387     516
     389     474
     389     483
     390     494
     390     533
     391     510
     391     522
     392     431
     392     443
     392     483
     393     476
     394     517
     394     520
     394     545
     396     457
     396     493
     396     497
     396     504
     397     475
     397     493
     398     553
     399     460
     399     542
     400     448
     400     460
     401     411
     403     514
     404     463
     404     536
     405     430
     408     496
     408     497
     409     412
     409     540
     409     551
     410     499
     411     455
     412     468
     412     485
     412     540
     413     491
     413     508
     413     523
     416     482
     417     506
     417     533
     417     547
     418     424
     418     513
     418     534
     419     431
     419     556
     420     452
     420     513
     422     432
     422     532
     423     530
     424     490
     425     433
     425     439
     426     427
     426     535
     426     539
     427     466
     428     516
     428     541
     430     527
     431     483
     432     518
     432     532
     432     538
     432     553
     434     459
     435     485
     435     550
     436     458
     436     501
     437     550
     438     537
     438     542
     439     477
     439     529
     439     548
     440     485
     440     540
     441     518
     442     481
     442     482
     443     556
     444     469
     446     467
     446     548
     447     449
     448     460
     448     523
     450     472
     451     453
     451     472
     451     524
     452     476
     453     524
     454     456
     454     512
     454     535
     455     520
     458     501
     461     514
     462     548
     464     520
     465     476
     465     492
     465     521
     466     480
     467     512
     468     525
     468     551
     470     492
     473     555
     474     483
     474     525
     475     493
     478     526
     479     552
     481     555
     484     495
     484     509
     484     519
     485     540
     486     522
     487     491
     488     543
     489     509
     491     508
     492     521
     494     522
     497     504
     500     547
     502     524
     503     552
     504     508
     507     514
     513     527
     514     526
     518     553
     527     530
