particles:      400 objects:        0 bonded_contacts:          0  mean_radius:   0.145000000238E+00
 -0.100260665996E+01 -0.100260665996E+01 -0.100260665996E+01  0.100260665996E+01  0.100260665996E+01  0.100260665996E+01
mat type  xcenter_mm          ycenter_mm          zcenter_mm          radius_mm           Temp_degC
1  cu    -0.655558898779E+00 -0.637855987040E+00  0.610634685914E+00  0.150937714450E+00  0.0000E+00
1  cu     0.855085415034E+00 -0.729049300290E+00 -0.756363486216E+00  0.141697095731E+00  0.0000E+00
1  cu     0.130923730298E+00  0.909615132390E+00 -0.334266804009E-02  0.151910470599E+00  0.0000E+00
1  cu    -0.639527945282E+00 -0.662752080204E+00 -0.759538394542E+00  0.140496553729E+00  0.0000E+00
2  ni    -0.684346248950E+00 -0.437623010072E+00 -0.579585458537E+00  0.151366388163E+00  0.0000E+00
1  cu     0.243357880973E-01 -0.804127503857E+00  0.466068298753E+00  0.147963004800E+00  0.0000E+00
1  cu     0.683631159083E+00 -0.524126529399E+00  0.428123662692E-01  0.156631736586E+00  0.0000E+00
1  cu    -0.785772228319E+00 -0.851075184437E+00 -0.610464495996E+00  0.140921750022E+00  0.0000E+00
1  cu     0.683942146704E-01 -0.383066138207E+00  0.792696887380E+00  0.147182532128E+00  0.0000E+00
1  cu     0.648121748151E+00 -0.782383458286E+00  0.330331616825E+00  0.156055970992E+00  0.0000E+00
1  cu     0.599817958915E+00  0.782146952899E+00 -0.693532746623E+00  0.155001019933E+00  0.0000E+00
2  ni     0.897828978637E+00  0.713221191732E+00  0.898639113357E+00  0.155668312998E+00  0.0000E+00
2  ni    -0.330486470408E+00  0.268228341048E+00  0.421748333966E+00  0.141576664068E+00  0.0000E+00
1  cu    -0.823904663237E+00 -0.910093677600E+00  0.688037825102E-01  0.152940975693E+00  0.0000E+00
2  ni*   -0.853490758440E-02 -0.649902316901E+00 -0.514499346252E+00  0.139041550797E+00  0.0000E+00
1  cu    -0.289682986821E+00 -0.925105497339E+00 -0.844378850556E+00  0.141684315470E+00  0.0000E+00
1  cu    -0.128486369667E+00 -0.554530261386E+00  0.108393172527E+00  0.141967517126E+00  0.0000E+00
1  cu    -0.541921098941E+00 -0.330465717377E+00  0.695466154652E+00  0.143150998965E+00  0.0000E+00
2  ni     0.679750941843E+00  0.823986866957E-01  0.613954530177E+00  0.137042881530E+00  0.0000E+00
2  ni     0.833486005476E+00  0.212427071085E+00 -0.131152295371E+00  0.150659104771E+00  0.0000E+00
2  ni     0.346988194696E+00 -0.319999737267E+00  0.703744827181E+00  0.152302334191E+00  0.0000E+00
2  ni    -0.937982652717E+00  0.467005447535E-01 -0.574118142045E+00  0.153933779020E+00  0.0000E+00
2  ni     0.748013202872E+00 -0.178278154087E+00  0.536642640039E+00  0.143491904983E+00  0.0000E+00
1  cu    -0.210393825753E+00 -0.120834255202E+00  0.412819549416E+00  0.140063674419E+00  0.0000E+00
1  cu    -0.521502671394E+00  0.139799556055E+00  0.586020659855E+00  0.141667403917E+00  0.0000E+00
2  ni    -0.778903724421E+00  0.285180661026E+00 -0.465157989769E+00  0.152830946568E+00  0.0000E+00
1  cu    -0.659720231961E+00  0.916290594763E+00 -0.503983605559E+00  0.148722999337E+00  0.0000E+00
1  cu    -0.175293680421E+00  0.159492053866E+00 -0.587845207495E+00  0.155932671199E+00  0.0000E+00
1  cu     0.196423728686E+00 -0.739206907693E-01  0.498512576607E+00  0.143716257998E+00  0.0000E+00
1  cu    -0.690076837674E+00 -0.219379910691E+00 -0.782522851452E+00  0.146923077979E+00  0.0000E+00
1  cu    -0.823156860182E+00  0.575705957687E+00  0.817160757487E+00  0.156052211218E+00  0.0000E+00
2  ni     0.232358836141E+00 -0.163191014150E+00 -0.376357136466E+00  0.144435415143E+00  0.0000E+00
1  cu     0.948826641888E+00 -0.955848579033E-01  0.314960283757E+00  0.155036923550E+00  0.0000E+00
1  cu    -0.770472647955E+00  0.403195064212E+00 -0.198968237374E+00  0.138529552758E+00  0.0000E+00
1  cu    -0.278891591710E+00  0.500384713218E+00 -0.475034767061E+00  0.145822236870E+00  0.0000E+00
1  cu     0.963427741363E+00 -0.348775891344E+00 -0.108274072447E+00  0.153737215642E+00  0.0000E+00
1  cu     0.424176627601E+00  0.684131276908E+00  0.847496639674E+00  0.142733396526E+00  0.0000E+00
1  cu    -0.749935796184E+00 -0.676460136246E-01 -0.904431726691E-01  0.145916736494E+00  0.0000E+00
1  cu     0.314466431186E+00 -0.303698002907E+00 -0.644255779266E+00  0.153381389415E+00  0.0000E+00
1  cu    -0.145374366563E+00  0.557070413736E+00  0.684340054819E-01  0.143829229555E+00  0.0000E+00
1  cu    -0.575198629489E+00 -0.745805075487E+00 -0.197808391213E+00  0.151606894832E+00  0.0000E+00
1  cu    -0.162851286878E+00 -0.803330901902E+00 -0.325201201362E+00  0.149464759710E+00  0.0000E+00
1  cu     0.857642384639E+00 -0.346071984070E+00  0.756782432253E+00  0.154429266747E+00  0.0000E+00
1  cu     0.222751227472E+00 -0.647418897598E+00 -0.322040602561E+00  0.149939189728E+00  0.0000E+00
1  cu     0.735141468726E+00  0.366720186607E+00  0.586396151877E+00  0.154170689384E+00  0.0000E+00
1  cu     0.759584878614E+00  0.449202155883E+00  0.507712361356E-01  0.157116257065E+00  0.0000E+00
1  cu    -0.261273721561E+00  0.635805470103E+00 -0.727165742295E+00  0.141057562581E+00  0.0000E+00
1  cu     0.497266350930E+00 -0.795223254952E+00  0.983221621196E+00  0.137910319417E+00  0.0000E+00
2  ni     0.656329275722E+00  0.822269259188E+00  0.735741906417E+00  0.149650801664E+00  0.0000E+00
1  cu     0.395582474172E+00 -0.954410117612E+00  0.266581874719E+00  0.155585910040E+00  0.0000E+00
1  cu     0.646665899647E+00 -0.829427884348E+00  0.265433418035E-01  0.151495632262E+00  0.0000E+00
1  cu    -0.260486672095E+00 -0.832704237198E+00  0.899056676145E+00  0.137496699663E+00  0.0000E+00
1  cu     0.870785984771E+00  0.725547876148E+00 -0.294840096428E+00  0.157202612988E+00  0.0000E+00
1  cu     0.674444309485E+00  0.263798963102E+00  0.856929352717E+00  0.141662529585E+00  0.0000E+00
1  cu     0.789282675606E+00 -0.858583103110E+00  0.577899467008E+00  0.139162413423E+00  0.0000E+00
1  cu    -0.406432655743E-01 -0.767495013655E+00 -0.601888767856E-01  0.143718501974E+00  0.0000E+00
1  cu    -0.946599904371E+00  0.518305388138E+00 -0.400101359627E+00  0.141778265245E+00  0.0000E+00
1  cu     0.516525075537E+00 -0.963480201665E+00  0.551663096315E+00  0.154366034179E+00  0.0000E+00
1  cu    -0.886825425685E+00 -0.162043995430E-01  0.928751144760E+00  0.148158364457E+00  0.0000E+00
2  ni     0.234578306854E+00 -0.162262539794E+00 -0.119927998616E-01  0.147407494434E+00  0.0000E+00
2  ni     0.985892120182E+00  0.505345685047E+00 -0.896168916087E+00  0.138111861153E+00  0.0000E+00
2  ni    -0.380914657688E+00  0.383536407966E+00  0.693337805906E-01  0.148885828771E+00  0.0000E+00
2  ni     0.664145113449E+00  0.264650494642E-01 -0.100133991174E+01  0.137796842593E+00  0.0000E+00
1  cu     0.571709841414E+00  0.605527816654E+00 -0.443691429329E+00  0.146027969343E+00  0.0000E+00
1  cu    -0.275491007262E+00 -0.828879611688E+00  0.131908125785E+00  0.150700521731E+00  0.0000E+00
1  cu    -0.609848804275E+00  0.521595708582E+00 -0.400287796866E+00  0.144999128654E+00  0.0000E+00
1  cu     0.120537673460E-02  0.486495309272E-01  0.323892816978E+00  0.145590052231E+00  0.0000E+00
1  cu    -0.163576440206E+00  0.523912180457E+00  0.583624893523E+00  0.138693585915E+00  0.0000E+00
1  cu     0.596835612372E+00 -0.178180597463E+00  0.783602463315E+00  0.146195673109E+00  0.0000E+00
1  cu    -0.338881957305E+00  0.696719514314E+00  0.724162434534E+00  0.144872574353E+00  0.0000E+00
2  ni    -0.583695132069E+00 -0.468358187134E+00 -0.302397729139E+00  0.145414546562E+00  0.0000E+00
1  cu     0.231318234220E+00  0.304751534706E+00 -0.136109388613E+00  0.145436079816E+00  0.0000E+00
1  cu    -0.850076545218E+00 -0.558708730110E+00  0.397914128207E+00  0.148152702506E+00  0.0000E+00
1  cu    -0.141371630673E+00 -0.643517525896E+00 -0.817240226016E+00  0.154231514507E+00  0.0000E+00
1  cu     0.830046217425E+00  0.712116911534E-01 -0.752115092834E+00  0.143728562713E+00  0.0000E+00
1  cu    -0.510867309978E+00 -0.911134881273E+00  0.483607586611E+00  0.156813974183E+00  0.0000E+00
1  cu    -0.851487603396E+00 -0.642320218022E+00 -0.702104296997E-01  0.150204796232E+00  0.0000E+00
1  cu    -0.113854457485E+00 -0.386359954899E+00  0.346790715918E+00  0.150291538536E+00  0.0000E+00
1  cu     0.747632020236E-01  0.699645057776E+00  0.566433698814E+00  0.142076030453E+00  0.0000E+00
2  ni     0.117732513617E+00  0.164583455068E+00 -0.642011834494E+00  0.142286369763E+00  0.0000E+00
1  cu     0.924864673926E+00 -0.769805220829E+00  0.902767530625E-01  0.140293629942E+00  0.0000E+00
2  ni    -0.619189636458E+00 -0.155079918549E+00  0.153614594951E+00  0.144546558826E+00  0.0000E+00
1  cu     0.388859835311E+00  0.256242186372E+00 -0.595581681876E+00  0.147798659568E+00  0.0000E+00
1  cu     0.326615694962E+00 -0.600242437786E+00 -0.589627970973E+00  0.141195886608E+00  0.0000E+00
1  cu    -0.296827031999E+00 -0.742683387302E+00  0.627264421525E+00  0.151397566053E+00  0.0000E+00
1  cu    -0.868594705849E+00  0.476393923209E+00 -0.665971436329E+00  0.138694551865E+00  0.0000E+00
1  cu    -0.959594444389E+00  0.413298018466E+00  0.567837651449E+00  0.153505120169E+00  0.0000E+00
1  cu     0.179359027339E+00  0.735158698554E-02 -0.925389531477E+00  0.147998596341E+00  0.0000E+00
2  ni    -0.637499588807E-01  0.320104776173E+00 -0.918043818386E-01  0.153706409270E+00  0.0000E+00
1  cu     0.565767568704E-01 -0.180966427462E+00 -0.735317831281E+00  0.146429046609E+00  0.0000E+00
1  cu     0.730168370752E+00 -0.178310935954E+00 -0.180959107986E+00  0.144305086206E+00  0.0000E+00
1  cu     0.550775567892E+00 -0.369509289157E+00  0.994034442761E+00  0.142069788931E+00  0.0000E+00
1  cu     0.499557015417E-01  0.716142892731E+00  0.200077575976E+00  0.140470458221E+00  0.0000E+00
1  cu     0.122470146309E+00  0.638017838645E+00 -0.793771355490E+00  0.153672199783E+00  0.0000E+00
1  cu     0.806174925458E+00 -0.555025184685E+00 -0.532785024069E+00  0.145988053320E+00  0.0000E+00
1  cu     0.577976235655E+00  0.888847745395E+00  0.839042684985E-01  0.149317965043E+00  0.0000E+00
1  cu    -0.145031810936E+00 -0.112650006837E-01 -0.250668076555E+00  0.140912833562E+00  0.0000E+00
1  cu     0.628948968790E+00  0.689952786492E+00 -0.122614904416E+00  0.142017850547E+00  0.0000E+00
1  cu     0.644330525758E+00 -0.402354086178E+00  0.327759919962E+00  0.155771208955E+00  0.0000E+00
1  cu    -0.532276015302E+00 -0.847508773746E+00  0.775924660421E+00  0.143262068346E+00  0.0000E+00
1  cu    -0.616984045151E+00  0.866823360467E+00  0.339887282479E-01  0.157187083486E+00  0.0000E+00
1  cu     0.307349520197E+00  0.117442508355E+00 -0.348053304611E+00  0.147636379983E+00  0.0000E+00
1  cu     0.421085533832E+00  0.384072500680E+00 -0.337152226926E+00  0.142506769812E+00  0.0000E+00
1  cu    -0.480551995552E+00 -0.223234305027E+00 -0.580048742061E+00  0.144676843178E+00  0.0000E+00
1  cu    -0.306660651816E+00  0.781711745534E+00 -0.444209467144E-01  0.155178383199E+00  0.0000E+00
2  ni     0.827555812029E+00  0.881665226099E+00 -0.540287593606E+00  0.137100110346E+00  0.0000E+00
1  cu    -0.776216919102E+00 -0.915492846730E+00  0.625155544539E+00  0.143985609417E+00  0.0000E+00
1  cu    -0.401134859733E+00  0.799106220076E-01 -0.785576852784E+00  0.154911246035E+00  0.0000E+00
1  cu     0.208264962390E+00 -0.606031105188E+00  0.666617827666E+00  0.142916778401E+00  0.0000E+00
1  cu    -0.834040266872E+00 -0.748774706573E+00 -0.346432917123E+00  0.146554055390E+00  0.0000E+00
1  cu    -0.778158273758E+00 -0.142729708150E+00  0.390008866575E+00  0.137140130395E+00  0.0000E+00
1  cu     0.406811175687E+00 -0.407541799263E+00 -0.368001844860E+00  0.156086539591E+00  0.0000E+00
1  cu    -0.816551004776E+00 -0.338713673532E+00  0.595511374136E+00  0.149488626102E+00  0.0000E+00
1  cu    -0.125933840458E-01  0.693221503496E+00 -0.151952478143E+00  0.147397285087E+00  0.0000E+00
2  ni     0.521072037223E+00 -0.770303206942E+00 -0.732239904567E+00  0.153963129037E+00  0.0000E+00
1  cu    -0.380498736833E+00  0.347419974470E-01 -0.406345267225E+00  0.145144719598E+00  0.0000E+00
1  cu     0.284063505455E+00  0.397848220895E+00 -0.819299350275E+00  0.137218298034E+00  0.0000E+00
2  ni    -0.735389951190E+00  0.626278514232E+00  0.242015152952E+00  0.140977477902E+00  0.0000E+00
1  cu    -0.233489470653E+00  0.757515992935E+00 -0.338497087599E+00  0.148920335476E+00  0.0000E+00
1  cu     0.383064557923E+00  0.546060781238E+00 -0.579557837008E-01  0.150398476623E+00  0.0000E+00
1  cu     0.410766625900E+00 -0.883139975757E+00 -0.324822221734E+00  0.148499493386E+00  0.0000E+00
1  cu    -0.510839777155E+00  0.293722520478E+00 -0.955192905925E+00  0.139303605579E+00  0.0000E+00
1  cu    -0.930699389322E+00 -0.143851106551E+00 -0.300625460561E+00  0.141789381101E+00  0.0000E+00
1  cu     0.756186663999E+00  0.890203539767E+00  0.472423317149E+00  0.140171831089E+00  0.0000E+00
1  cu    -0.558917503883E+00  0.698700425825E-01  0.869153591729E+00  0.152741469885E+00  0.0000E+00
1  cu     0.202958671705E+00  0.450106265619E+00  0.578937354163E+00  0.138950379986E+00  0.0000E+00
2  ni    -0.460867187933E+00  0.841633582399E+00 -0.790771739181E+00  0.152747726269E+00  0.0000E+00
1  cu     0.186709883749E+00  0.268235100596E+00  0.361936959280E+00  0.144702403700E+00  0.0000E+00
1  cu     0.254380932470E+00  0.876606511457E+00 -0.376998952617E+00  0.147275515954E+00  0.0000E+00
1  cu     0.180317036982E+00  0.173770709466E+00  0.650912561959E+00  0.147734312443E+00  0.0000E+00
1  cu    -0.171604397359E+00 -0.353759717977E+00 -0.870721095207E+00  0.142254508277E+00  0.0000E+00
1  cu    -0.238195645596E+00  0.265040305680E+00 -0.320053306453E+00  0.139045236267E+00  0.0000E+00
1  cu     0.375140611401E+00 -0.569324958286E+00 -0.900376055607E+00  0.146326373565E+00  0.0000E+00
2  ni    -0.623415705032E+00 -0.872701886848E+00 -0.947685023483E+00  0.141911952715E+00  0.0000E+00
1  cu    -0.430005005188E+00  0.959686711857E+00  0.949266244798E+00  0.139312581483E+00  0.0000E+00
1  cu     0.349797800339E+00  0.791932726501E+00  0.587828973651E+00  0.148203942433E+00  0.0000E+00
2  ni    -0.304451118670E+00 -0.533793530856E+00 -0.378402695784E+00  0.151512350626E+00  0.0000E+00
1  cu    -0.126517918316E+00  0.294439340958E+00  0.208791084912E+00  0.154745682218E+00  0.0000E+00
2  ni     0.664766912505E+00 -0.902560275727E+00 -0.514501953427E+00  0.138898144385E+00  0.0000E+00
1  cu    -0.289047785653E+00 -0.745052894106E+00 -0.581483349298E+00  0.142146574519E+00  0.0000E+00
1  cu    -0.346075781764E+00 -0.463894399667E+00  0.521966976369E+00  0.150922036339E+00  0.0000E+00
1  cu    -0.245373655165E-01  0.114919142033E+00  0.881511621314E+00  0.153735149996E+00  0.0000E+00
1  cu    -0.253859848384E+00 -0.224984037193E+00  0.135550810119E+00  0.150393691454E+00  0.0000E+00
1  cu    -0.822381117324E+00  0.348503994710E+00  0.292769439144E+00  0.154578052755E+00  0.0000E+00
1  cu    -0.850071754620E+00 -0.469859785035E+00 -0.835374567492E+00  0.155215044714E+00  0.0000E+00
1  cu    -0.624461298446E-01  0.656296547621E+00  0.821741829599E+00  0.151191358037E+00  0.0000E+00
1  cu    -0.332456855052E+00  0.615606155847E-01  0.208331303397E+00  0.155725467512E+00  0.0000E+00
1  cu     0.215811231698E+00 -0.655258357175E+00 -0.349293988352E-01  0.137589237664E+00  0.0000E+00
1  cu    -0.657964585420E+00  0.653519876095E+00 -0.690308940199E+00  0.137815061894E+00  0.0000E+00
1  cu     0.935192927247E+00  0.258928797369E+00 -0.405304388829E+00  0.145642733655E+00  0.0000E+00
1  cu    -0.301512942823E-02 -0.790310585892E+00  0.767320245840E+00  0.154998196388E+00  0.0000E+00
1  cu     0.380616247872E+00 -0.461218920201E+00  0.449320464062E+00  0.140728173659E+00  0.0000E+00
1  cu     0.478193690142E+00 -0.202081801684E+00  0.160316399560E+00  0.153752180435E+00  0.0000E+00
1  cu     0.629198814761E+00  0.266876954456E+00  0.256335882904E+00  0.147171163641E+00  0.0000E+00
1  cu    -0.952575427536E+00 -0.327259661242E+00 -0.596694446924E+00  0.139344145754E+00  0.0000E+00
1  cu    -0.706372908651E+00  0.599052380724E+00  0.524627484357E+00  0.144600221059E+00  0.0000E+00
1  cu    -0.447645127077E+00  0.720528994055E+00  0.450417162244E+00  0.150885553155E+00  0.0000E+00
2  ni     0.706854979476E+00 -0.915354191700E+00  0.841156825916E+00  0.142538586718E+00  0.0000E+00
2  ni    -0.852329849473E-01 -0.893783339702E-02  0.363475227374E-01  0.140865412850E+00  0.0000E+00
1  cu    -0.267608030807E-01  0.954532144024E+00 -0.416332476765E+00  0.147338956572E+00  0.0000E+00
2  ni    -0.531419062543E+00  0.596741978042E+00 -0.112770885633E+00  0.144061280448E+00  0.0000E+00
1  cu    -0.800651308755E+00  0.138829070424E+00  0.509416512544E+00  0.147980778279E+00  0.0000E+00
1  cu     0.590996367441E+00  0.883203234671E+00 -0.339813099527E+00  0.151351690863E+00  0.0000E+00
1  cu    -0.864396840647E+00  0.803526961597E+00  0.636987389569E+00  0.137502034678E+00  0.0000E+00
1  cu     0.886686492281E+00  0.780800357781E+00 -0.805619527857E+00  0.153056830242E+00  0.0000E+00
1  cu    -0.565451642663E+00 -0.440648243515E+00 -0.927372288045E+00  0.145590498056E+00  0.0000E+00
2  ni     0.465211859453E+00 -0.184010043449E+00  0.462247216853E+00  0.149081128985E+00  0.0000E+00
1  cu*   -0.512477601261E-01 -0.892182040662E+00 -0.666715424919E+00  0.150387063553E+00  0.0000E+00
1  cu     0.960824613888E+00 -0.490286182154E-01 -0.464827164572E-01  0.152501126684E+00  0.0000E+00
1  cu    -0.602349630806E+00 -0.374290612027E+00  0.384296175880E+00  0.153709738082E+00  0.0000E+00
1  cu     0.967521706585E+00 -0.487228116895E+00  0.169040447884E+00  0.156340480395E+00  0.0000E+00
1  cu     0.819034427359E+00  0.999974470804E+00  0.215203412294E+00  0.146466584909E+00  0.0000E+00
1  cu    -0.783220337163E+00  0.737821625191E+00 -0.298794013295E+00  0.150210175830E+00  0.0000E+00
1  cu    -0.555197660009E+00 -0.888904580710E+00  0.183280343156E+00  0.140131855622E+00  0.0000E+00
1  cu     0.776259770927E+00 -0.237040632212E+00  0.105126658776E+00  0.151559548425E+00  0.0000E+00
1  cu     0.854900739674E+00 -0.416118074667E+00 -0.792785393172E+00  0.153091084311E+00  0.0000E+00
1  cu    -0.377889542839E+00 -0.910166768975E-01  0.684029989298E+00  0.147511192873E+00  0.0000E+00
2  ni    -0.117093712024E-01 -0.254465306379E+00 -0.269682642293E+00  0.137152762047E+00  0.0000E+00
2  ni    -0.494985216047E+00  0.319739153921E+00 -0.201270728607E+00  0.149374792621E+00  0.0000E+00
1  cu    -0.233171707147E+00  0.251385551925E+00 -0.959718622160E+00  0.141719832705E+00  0.0000E+00
1  cu    -0.920820225997E+00  0.841517448952E+00  0.195570497460E+00  0.146917951015E+00  0.0000E+00
2  ni    -0.329428329651E+00  0.979496367748E+00  0.689163652566E+00  0.140373878089E+00  0.0000E+00
1  cu     0.519424271153E+00  0.795135806494E+00  0.353008047235E+00  0.141681491924E+00  0.0000E+00
1  cu     0.308521032938E-02  0.380082673439E+00  0.759690426909E+00  0.139638270074E+00  0.0000E+00
1  cu     0.529789273991E+00  0.488804143655E+00 -0.709150157288E+00  0.147087750150E+00  0.0000E+00
1  cu     0.594856452114E+00  0.114487481505E+00 -0.303457079588E+00  0.143433279253E+00  0.0000E+00
1  cu     0.426218661964E+00 -0.675646467992E+00  0.154778314276E+00  0.146532759910E+00  0.0000E+00
1  cu    -0.173747148067E+00 -0.561393590038E+00  0.868097292766E+00  0.147306649263E+00  0.0000E+00
1  cu     0.184811084610E+00 -0.870337258278E+00 -0.501477313617E+00  0.138819516063E+00  0.0000E+00
1  cu     0.433329822232E+00  0.406002758901E+00  0.420562472438E+00  0.144123859140E+00  0.0000E+00
1  cu     0.916404661092E+00 -0.613378560530E+00 -0.259360545614E+00  0.154861417880E+00  0.0000E+00
1  cu    -0.983454627346E+00 -0.567879179786E+00  0.653405243441E+00  0.140269213701E+00  0.0000E+00
1  cu    -0.432789767882E+00  0.454518818481E+00  0.606768984748E+00  0.140330454925E+00  0.0000E+00
1  cu    -0.740179023336E+00 -0.474728890311E+00  0.142253346665E+00  0.142704031648E+00  0.0000E+00
1  cu     0.235280252596E+00  0.238805201856E+00  0.922514705629E+00  0.137102458348E+00  0.0000E+00
1  cu    -0.155602028937E+00  0.780990956453E+00  0.404950069626E+00  0.150882521556E+00  0.0000E+00
2  ni    -0.497660508494E+00 -0.921213459304E-01  0.413010034426E+00  0.148975810721E+00  0.0000E+00
1  cu    -0.156450784005E+00 -0.275114848655E+00  0.644188485045E+00  0.143413663041E+00  0.0000E+00
1  cu    -0.887097358107E+00 -0.770220448853E+00 -0.875616186180E+00  0.150148488782E+00  0.0000E+00
1  cu     0.109208746750E+00 -0.213409751996E+00  0.257526610160E+00  0.145950396133E+00  0.0000E+00
1  cu     0.816866474840E+00 -0.181399748365E+00 -0.622839877745E+00  0.139221425532E+00  0.0000E+00
1  cu    -0.553367933771E+00 -0.176872208468E+00 -0.300573105989E+00  0.147981149799E+00  0.0000E+00
1  cu     0.719295375221E+00 -0.635170428117E+00  0.781181148782E+00  0.144304759270E+00  0.0000E+00
1  cu     0.722894587210E+00 -0.974602043544E+00 -0.792727123102E+00  0.139617227227E+00  0.0000E+00
1  cu     0.451767156796E+00 -0.110419810738E+00 -0.198653632263E+00  0.143023240944E+00  0.0000E+00
1  cu     0.190615807053E+00 -0.820867009336E-01  0.798167134369E+00  0.147849557698E+00  0.0000E+00
1  cu     0.433997714612E+00  0.160773820324E+00 -0.888358364891E+00  0.151796651977E+00  0.0000E+00
1  cu    -0.133878186453E+00 -0.401183363698E+00 -0.586367713049E+00  0.148643627975E+00  0.0000E+00
2  ni    -0.613501901483E+00  0.707124043697E-01 -0.579502892297E+00  0.141202559094E+00  0.0000E+00
1  cu    -0.403933349916E+00 -0.493265858310E+00 -0.682494904643E+00  0.152602194766E+00  0.0000E+00
1  cu    -0.909419220275E+00  0.753292713336E+00 -0.583877971752E+00  0.153155238246E+00  0.0000E+00
1  cu     0.523927620392E+00  0.558918069140E+00  0.197236391020E+00  0.141560317222E+00  0.0000E+00
1  cu     0.889438198624E+00  0.160418014508E+00  0.159890335966E+00  0.150322136857E+00  0.0000E+00
1  cu    -0.320799627518E-01 -0.170709563615E+00  0.964606580181E+00  0.144107363690E+00  0.0000E+00
1  cu    -0.899486242935E+00  0.141327099773E+00 -0.211471090278E+00  0.138207505056E+00  0.0000E+00
2  ni    -0.269983493945E+00  0.932734247539E+00 -0.579385423353E+00  0.146350091348E+00  0.0000E+00
2  ni     0.272066925092E+00 -0.423429662446E+00  0.126536936167E+00  0.150748180213E+00  0.0000E+00
1  cu    -0.205496077449E-01  0.682643555161E+00 -0.531767942233E+00  0.148350157529E+00  0.0000E+00
1  cu     0.445501586949E+00  0.833440610680E-01  0.790054240329E+00  0.156145373371E+00  0.0000E+00
1  cu    -0.505591537823E+00  0.844383511144E+00 -0.262574243869E+00  0.146828622939E+00  0.0000E+00
1  cu    -0.791526079554E+00  0.955149011405E+00  0.890577947115E+00  0.154146674382E+00  0.0000E+00
1  cu     0.837394010821E+00  0.597711250549E+00 -0.570851689606E+00  0.148870581623E+00  0.0000E+00
1  cu     0.414382301536E+00  0.995957147780E+00 -0.587533614496E+00  0.143035203861E+00  0.0000E+00
1  cu     0.154360289421E-01  0.496101273072E+00  0.371225670149E+00  0.140653126780E+00  0.0000E+00
2  ni     0.289016458908E+00  0.129908730885E-01  0.240541188878E+00  0.143887914727E+00  0.0000E+00
1  cu     0.448826075140E+00  0.379321564838E+00  0.712770764655E+00  0.149965508148E+00  0.0000E+00
1  cu    -0.427709265390E+00 -0.912327751406E+00 -0.393963025502E+00  0.145096763900E+00  0.0000E+00
1  cu    -0.747028219299E+00 -0.163643730947E+00 -0.509721783020E+00  0.137462386148E+00  0.0000E+00
1  cu    -0.741590795170E+00 -0.477416090309E+00  0.846855647047E+00  0.147362377142E+00  0.0000E+00
1  cu    -0.957265071091E+00  0.862698752418E+00 -0.927864783174E-01  0.144685239513E+00  0.0000E+00
2  ni     0.758988109832E+00  0.649975090994E+00  0.329381690777E+00  0.139583196068E+00  0.0000E+00
1  cu    -0.927243840136E-01  0.857492501020E+00 -0.830546324997E+00  0.156198649225E+00  0.0000E+00
1  cu     0.398679831183E+00  0.676807931294E+00 -0.878434792866E+00  0.137900065487E+00  0.0000E+00
1  cu     0.527834047510E+00 -0.671483126503E+00  0.575798544455E+00  0.138946753958E+00  0.0000E+00
1  cu     0.853463066030E+00 -0.391208307251E-01  0.802021493081E+00  0.146634912828E+00  0.0000E+00
1  cu    -0.512249715439E+00 -0.899140538897E+00 -0.669020297127E+00  0.143026985856E+00  0.0000E+00
1  cu    -0.688812647229E+00  0.352889177769E+00  0.670847477122E+00  0.142611345038E+00  0.0000E+00
1  cu     0.231003374440E+00 -0.925570148686E+00  0.635622283474E+00  0.145741037634E+00  0.0000E+00
1  cu     0.914332949282E+00  0.154691058577E+00  0.475904712866E+00  0.144711572793E+00  0.0000E+00
1  cu     0.189174478164E+00  0.525550043910E+00  0.933455379135E+00  0.153711878034E+00  0.0000E+00
1  cu*   -0.338917381572E-01  0.476529997589E+00 -0.334979837588E+00  0.137094359230E+00  0.0000E+00
1  cu     0.562116840679E+00 -0.171449352534E+00 -0.758789155319E+00  0.149932948205E+00  0.0000E+00
1  cu    -0.830320931076E-01  0.964441241392E+00  0.189462374668E+00  0.141511514461E+00  0.0000E+00
2  ni     0.136017736881E+00  0.928898023288E+00  0.386873308513E+00  0.155542813812E+00  0.0000E+00
1  cu    -0.573875603666E+00  0.140079242708E+00  0.241838094100E-01  0.149798012431E+00  0.0000E+00
1  cu     0.100179012380E+01 -0.872038264435E+00 -0.155432486589E+00  0.136966199967E+00  0.0000E+00
1  cu*    0.323920063285E-01  0.207429279465E+00 -0.373523410086E+00  0.142827851567E+00  0.0000E+00
1  cu     0.888094231231E+00  0.335349267424E+00 -0.673917031519E+00  0.137833340639E+00  0.0000E+00
1  cu    -0.642243414465E+00  0.935652261798E-01 -0.296387453945E+00  0.136995445958E+00  0.0000E+00
2  ni    -0.707101475944E+00  0.869731459411E+00  0.402815295015E+00  0.152380085730E+00  0.0000E+00
2  ni    -0.300062486185E-01 -0.878599939508E+00 -0.956778233318E+00  0.141088963383E+00  0.0000E+00
2  ni     0.366081612717E+00  0.324783049000E+00  0.139516452717E+00  0.146707908920E+00  0.0000E+00
2  ni     0.189274255883E+00  0.897100833975E+00 -0.922454446452E+00  0.143274313619E+00  0.0000E+00
1  cu    -0.681976824334E+00 -0.856173391754E-01  0.650502513980E+00  0.142614896760E+00  0.0000E+00
2  ni    -0.141550111296E+00  0.924744938279E+00  0.892177173910E+00  0.137706028439E+00  0.0000E+00
1  cu     0.555964172032E+00 -0.656723433615E+00 -0.433806019648E+00  0.141966952416E+00  0.0000E+00
2  ni    -0.263443429490E+00  0.440911768058E+00  0.834384475550E+00  0.143819257980E+00  0.0000E+00
1  cu    -0.627333940087E+00  0.343966457643E+00 -0.707496358915E+00  0.139161655523E+00  0.0000E+00
1  cu    -0.683070612079E-01 -0.551670819221E+00  0.591605693762E+00  0.148833504007E+00  0.0000E+00
1  cu    -0.300316109920E+00  0.145060075391E+00 -0.746704133281E-01  0.141255626897E+00  0.0000E+00
1  cu    -0.113225315866E+00  0.978481706669E+00 -0.144933868124E+00  0.138779377129E+00  0.0000E+00
2  ni     0.776280535479E+00  0.955469129679E+00 -0.121600039583E+00  0.144066986983E+00  0.0000E+00
1  cu     0.836658126914E+00  0.745147675799E+00  0.704298877505E-01  0.147143136233E+00  0.0000E+00
2  ni     0.220594172401E+00  0.595616480160E+00 -0.300620425448E+00  0.145991842816E+00  0.0000E+00
2  ni     0.714544337387E+00  0.569073218838E+00 -0.915402472273E+00  0.141396997382E+00  0.0000E+00
2  ni     0.608834746622E+00 -0.407653348218E+00  0.618268141544E+00  0.137007587206E+00  0.0000E+00
1  cu     0.956262273001E+00 -0.799909061238E+00  0.789921253010E+00  0.137189527588E+00  0.0000E+00
1  cu     0.650053837966E+00  0.249745786899E-01  0.192430325901E-01  0.151844518512E+00  0.0000E+00
2  ni    -0.304603788234E+00 -0.660235037698E+00 -0.109749811920E+00  0.145631959597E+00  0.0000E+00
1  cu     0.661549192313E+00  0.835307756033E+00 -0.982061612965E+00  0.138226987521E+00  0.0000E+00
2  ni     0.333636828930E+00  0.690618374943E+00 -0.588638520155E+00  0.145522524902E+00  0.0000E+00
1  cu     0.658301341992E+00 -0.185865191716E-01  0.313280414645E+00  0.145606488240E+00  0.0000E+00
1  cu    -0.218257232047E+00 -0.129640878815E+00 -0.655877468344E+00  0.144301787115E+00  0.0000E+00
2  ni     0.124494823703E+00 -0.829457348037E+00  0.181397033888E+00  0.154967137382E+00  0.0000E+00
2  ni     0.836507300357E+00 -0.141195295634E-01 -0.394031194971E+00  0.145042358628E+00  0.0000E+00
1  cu     0.443289459019E+00 -0.570851690732E+00  0.824387732568E+00  0.142411512291E+00  0.0000E+00
1  cu     0.480055790373E+00 -0.649529825907E+00 -0.150739553681E+00  0.151095000818E+00  0.0000E+00
1  cu    -0.782889637826E+00  0.255215277308E+00  0.921592631907E+00  0.142815665737E+00  0.0000E+00
1  cu    -0.935255851859E+00 -0.296517662613E+00  0.950352972435E+00  0.137248257344E+00  0.0000E+00
1  cu    -0.251755781962E+00 -0.368590767681E+00 -0.129956284695E+00  0.151608455212E+00  0.0000E+00
2  ni    -0.743675631420E+00  0.932148819877E+00 -0.783569153440E+00  0.143872697303E+00  0.0000E+00
1  cu     0.786123626015E+00 -0.219951721315E+00 -0.995197816920E+00  0.137417863287E+00  0.0000E+00
1  cu    -0.364505003350E+00  0.903762220136E+00  0.228090841323E+00  0.149170932605E+00  0.0000E+00
2  ni     0.120901161950E+00 -0.411659187854E+00 -0.453840295266E+00  0.138934746458E+00  0.0000E+00
1  cu     0.948639860241E+00 -0.561902644313E+00  0.958258236406E+00  0.154702021281E+00  0.0000E+00
1  cu    -0.284693768902E+00 -0.213848217074E-01  0.957210580602E+00  0.149648334776E+00  0.0000E+00
1  cu     0.870006837124E+00 -0.318384180276E+00 -0.385270072361E+00  0.140287715356E+00  0.0000E+00
1  cu    -0.975511380910E+00 -0.137336979519E+00 -0.816587147145E+00  0.152208295250E+00  0.0000E+00
1  cu    -0.264292278225E+00 -0.228995772449E+00 -0.389622455424E+00  0.143690890666E+00  0.0000E+00
1  cu     0.924842567692E+00  0.415762393428E+00  0.844165558336E+00  0.148204522002E+00  0.0000E+00
1  cu    -0.604856956435E+00  0.746501025599E+00  0.971607607666E+00  0.137395795048E+00  0.0000E+00
1  cu     0.211892171090E+00 -0.792071925071E+00 -0.782271299499E+00  0.154052828633E+00  0.0000E+00
1  cu     0.333347886319E+00 -0.134439423685E-01 -0.677622699882E+00  0.139785718614E+00  0.0000E+00
2  ni    -0.504184123905E+00 -0.368852710966E+00  0.104039287099E-01  0.137392540540E+00  0.0000E+00
1  cu     0.568927254981E+00 -0.468413089268E+00 -0.694428020743E+00  0.154116625911E+00  0.0000E+00
1  cu    -0.260951799995E+00  0.179244374277E+00  0.705766953060E+00  0.147867123126E+00  0.0000E+00
1  cu    -0.385055475347E-01 -0.548550136381E+00 -0.244839486556E+00  0.139871346359E+00  0.0000E+00
1  cu    -0.738208747788E-01  0.429760925083E+00 -0.667733628701E+00  0.143837997408E+00  0.0000E+00
1  cu     0.970931636969E-01 -0.605511075993E+00  0.994956247173E+00  0.155154026401E+00  0.0000E+00
2  ni*   -0.924221229233E-01  0.396988254898E-01 -0.843120700448E+00  0.138139962864E+00  0.0000E+00
1  cu    -0.543405932394E+00  0.442543177735E+00  0.345036334971E+00  0.144211389064E+00  0.0000E+00
1  cu    -0.459676326235E+00 -0.574283571258E+00  0.820244407219E+00  0.143025053957E+00  0.0000E+00
1  cu    -0.743975357749E+00  0.481228990798E+00 -0.919642844331E+00  0.139339330865E+00  0.0000E+00
1  cu    -0.910085734182E+00  0.298398044567E+00  0.143330711289E-01  0.137164591219E+00  0.0000E+00
1  cu    -0.692949042103E+00  0.636315302797E-01 -0.866492676399E+00  0.148633671261E+00  0.0000E+00
1  cu    -0.665109922585E+00  0.415269376311E+00  0.559423301618E-01  0.137612836564E+00  0.0000E+00
1  cu     0.465921392955E+00 -0.366932867857E+00 -0.815559794098E-01  0.139381357117E+00  0.0000E+00
1  cu     0.102905709727E+00 -0.494006126007E+00 -0.732182707442E+00  0.144811333130E+00  0.0000E+00
1  cu    -0.776325384707E+00 -0.835523104504E+00  0.350411293617E+00  0.142324621381E+00  0.0000E+00
2  ni     0.938131676235E+00 -0.986113060184E+00 -0.992240971567E+00  0.154208792393E+00  0.0000E+00
1  cu    -0.961808661955E+00  0.961058620701E+00 -0.375689633159E+00  0.145914953202E+00  0.0000E+00
1  cu     0.916832728224E+00  0.942981003431E+00  0.716388440173E+00  0.138440566479E+00  0.0000E+00
1  cu     0.423291436169E+00  0.116265804921E+00  0.483795628303E+00  0.152830693935E+00  0.0000E+00
1  cu     0.488096367586E+00  0.426120890148E+00  0.997932156614E+00  0.141908623902E+00  0.0000E+00
2  ni    -0.660357262945E+00 -0.206152096380E+00  0.929946506820E+00  0.147792105970E+00  0.0000E+00
2  ni     0.422032078993E+00 -0.120965973490E+00  0.100014916126E+01  0.138091680229E+00  0.0000E+00
1  cu     0.954487017438E+00 -0.765815874310E+00  0.370389200707E+00  0.141630519491E+00  0.0000E+00
1  cu     0.418714424575E+00  0.965617048118E+00  0.818983241686E+00  0.140427317411E+00  0.0000E+00
1  cu    -0.588876029610E+00 -0.695653573427E+00 -0.484519548752E+00  0.139800252446E+00  0.0000E+00
1  cu     0.360772177791E+00 -0.902864380552E+00 -0.319019464568E-01  0.149537503168E+00  0.0000E+00
1  cu    -0.450670849529E+00  0.721156896000E+00 -0.521950327321E+00  0.137868085113E+00  0.0000E+00
1  cu     0.670680191017E+00 -0.454555451372E+00 -0.246865638191E+00  0.138139531902E+00  0.0000E+00
1  cu    -0.118515287356E+00  0.511521977791E+00 -0.936420611673E+00  0.140770764620E+00  0.0000E+00
1  cu    -0.467934637629E+00  0.643249937729E+00  0.159521127458E+00  0.139535715914E+00  0.0000E+00
2  ni     0.212546382808E+00 -0.320445765546E+00 -0.953402140538E+00  0.155893141557E+00  0.0000E+00
1  cu    -0.205021579474E+00 -0.662798537098E+00  0.361200208176E+00  0.141281425190E+00  0.0000E+00
1  cu     0.942202680368E+00 -0.365306276592E+00  0.440898266994E+00  0.142857825736E+00  0.0000E+00
2  ni     0.540567456598E+00  0.299920927744E+00 -0.911892393302E-01  0.143707088904E+00  0.0000E+00
1  cu     0.739133848682E+00  0.461954521212E+00 -0.248869271515E+00  0.141166982415E+00  0.0000E+00
1  cu    -0.507175693233E-01  0.953687951100E+00  0.623761754793E+00  0.147259689236E+00  0.0000E+00
1  cu     0.667320176051E+00  0.542704181779E+00  0.813022193231E+00  0.140857818999E+00  0.0000E+00
1  cu     0.573917684925E+00  0.610333143568E+00  0.557572651987E+00  0.139529949937E+00  0.0000E+00
1  cu    -0.413163470019E+00 -0.683812406692E+00 -0.926391627749E+00  0.141792724772E+00  0.0000E+00
2  ni     0.703617638839E+00 -0.813502383887E+00 -0.256041860979E+00  0.137453023863E+00  0.0000E+00
1  cu    -0.481610750173E+00  0.557236597781E+00 -0.877648149191E+00  0.137157101391E+00  0.0000E+00
1  cu    -0.470062625842E+00  0.291046573515E+00 -0.485820593069E+00  0.137931347403E+00  0.0000E+00
1  cu     0.157990008944E+00  0.852126405421E+00  0.800403348923E+00  0.144568300129E+00  0.0000E+00
1  cu    -0.867918657204E+00 -0.434120283871E+00 -0.348976883985E+00  0.143480164976E+00  0.0000E+00
2  ni    -0.413496624479E+00 -0.205798166715E+00 -0.863100813213E+00  0.141647371601E+00  0.0000E+00
1  cu     0.105674882117E+00 -0.568498738103E+00  0.311464596906E+00  0.137323408247E+00  0.0000E+00
2  ni     0.596471485743E+00 -0.182213108632E+00 -0.439929362641E+00  0.147340190016E+00  0.0000E+00
1  cu     0.298696547051E+00 -0.728142784301E+00  0.428729743297E+00  0.139407452626E+00  0.0000E+00
1  cu    -0.378782784757E+00 -0.945334451339E+00 -0.114354731360E+00  0.140760852488E+00  0.0000E+00
1  cu    -0.785891238749E+00 -0.759103879576E+00  0.859813878214E+00  0.138238133098E+00  0.0000E+00
2  ni     0.383811881370E+00  0.829190404061E+00 -0.125068279035E+00  0.140114438802E+00  0.0000E+00
1  cu    -0.268547854658E+00  0.511224920594E+00 -0.187180732246E+00  0.142446836336E+00  0.0000E+00
1  cu    -0.922021009581E+00 -0.606509400300E+00 -0.583381414818E+00  0.140493016865E+00  0.0000E+00
1  cu     0.985995055446E+00 -0.970457091262E+00 -0.704614634051E+00  0.137900124930E+00  0.0000E+00
1  cu    -0.735542265577E+00 -0.993729466187E+00 -0.201985011080E+00  0.144044443198E+00  0.0000E+00
1  cu    -0.536503202516E-01 -0.427732909930E-02  0.614143169541E+00  0.140493953094E+00  0.0000E+00
1  cu    -0.525585795787E+00 -0.638516868536E+00  0.663078797474E-01  0.137964219422E+00  0.0000E+00
2  ni     0.784554210007E+00 -0.589435018167E+00  0.507440177985E+00  0.139312195103E+00  0.0000E+00
1  cu     0.875310246405E+00  0.395727166227E+00  0.329374967612E+00  0.140234276035E+00  0.0000E+00
2  ni     0.194132015206E+00 -0.406891514796E+00 -0.160112263612E+00  0.141526969659E+00  0.0000E+00
1  cu    -0.599305478656E-01  0.260406036005E+00  0.510965586356E+00  0.143669654629E+00  0.0000E+00
1  cu     0.182256868238E+00  0.451370046990E+00 -0.545496073657E+00  0.140982263070E+00  0.0000E+00
1  cu    -0.828275180453E+00  0.586677797547E-01  0.171697295282E+00  0.154880632852E+00  0.0000E+00
1  cu     0.454268549519E+00  0.982230967535E+00 -0.867829465238E+00  0.140643006596E+00  0.0000E+00
1  cu    -0.979843123958E+00  0.974452134381E+00  0.446687103144E+00  0.143282591066E+00  0.0000E+00
1  cu    -0.961284811763E+00  0.664814436503E+00  0.417359118132E+00  0.139759578522E+00  0.0000E+00
2  ni    -0.975182439888E+00  0.173583784049E+00  0.733446809752E+00  0.138400576151E+00  0.0000E+00
1  cu    -0.590486321528E+00  0.163432625041E+00  0.313142826972E+00  0.140917143184E+00  0.0000E+00
1  cu    -0.540261013675E+00  0.499238647657E+00  0.862393253072E+00  0.140605854677E+00  0.0000E+00
1  cu     0.661178732758E+00  0.327213245761E+00 -0.495836703865E+00  0.150983857134E+00  0.0000E+00
1  cu     0.847084099284E+00  0.638379693162E+00  0.615936035227E+00  0.141243173572E+00  0.0000E+00
1  cu    -0.587600682450E+00  0.849572636019E+00  0.693018774768E+00  0.148856166679E+00  0.0000E+00
1  cu    -0.903368297072E+00  0.255258827317E+00 -0.829419614008E+00  0.138793569163E+00  0.0000E+00
1  cu    -0.323552937875E+00 -0.307740859991E+00  0.886488542051E+00  0.147905166693E+00  0.0000E+00
1  cu     0.922687451450E+00 -0.808375567780E+00 -0.478067977097E+00  0.138306180555E+00  0.0000E+00
2  ni     0.330301687265E+00  0.752381247256E+00  0.137457316963E+00  0.138770713301E+00  0.0000E+00
2  ni    -0.795456988474E+00  0.641555567591E+00 -0.287234964527E-01  0.137027129115E+00  0.0000E+00
1  cu    -0.536172081317E-02 -0.317750555619E+00  0.173083866543E-01  0.140130666760E+00  0.0000E+00
1  cu     0.229918283104E+00 -0.865126641765E+00  0.936267524711E+00  0.142549048699E+00  0.0000E+00
1  cu    -0.271399216756E+00  0.526106214647E+00  0.322220340432E+00  0.141382701323E+00  0.0000E+00
1  cu    -0.864673475827E+00  0.730887541953E+00 -0.940753126868E+00  0.139017639821E+00  0.0000E+00
1  cu     0.139400323143E+00 -0.909367308632E+00 -0.228494461626E+00  0.140761595526E+00  0.0000E+00
1  cu    -0.370913726055E+00 -0.474530701355E+00  0.231107860983E+00  0.141430954237E+00  0.0000E+00
2  ni*    0.396822025017E-01  0.282330725740E+00 -0.888579230110E+00  0.142063116446E+00  0.0000E+00
1  cu    -0.441279332249E-02 -0.569377533193E-01 -0.486924981897E+00  0.137901194906E+00  0.0000E+00
1  cu     0.370172844490E+00  0.882912615848E-01 -0.181958195180E-01  0.137719224802E+00  0.0000E+00
1  cu    -0.223118358789E+00 -0.942720485508E+00  0.422670503644E+00  0.139184823460E+00  0.0000E+00
1  cu     0.904994464368E+00  0.168860485157E+00  0.995236975788E+00  0.142184187123E+00  0.0000E+00
1  cu     0.694007041443E+00  0.292099519106E+00 -0.868263461443E+00  0.140500521554E+00  0.0000E+00
1  cu     0.126720040732E+00 -0.351281364489E+00  0.510291812318E+00  0.142758481501E+00  0.0000E+00
1  cu     0.129457393920E+00  0.476668737220E+00  0.715156027819E-01  0.142810583352E+00  0.0000E+00
1  cu    -0.982972209875E+00  0.542976248695E+00  0.145581873875E+00  0.137652068991E+00  0.0000E+00
1  cu     0.115653903364E+00  0.178234924770E+00  0.905775590724E-01  0.138933052329E+00  0.0000E+00
1  cu    -0.346455788289E+00  0.365693949522E+00 -0.725791170435E+00  0.142322704342E+00  0.0000E+00
1  cu    -0.433512451709E+00 -0.996675572776E-01 -0.524204397580E-01  0.138439897744E+00  0.0000E+00
2  ni    -0.558878088432E+00 -0.658899308323E+00  0.339289376849E+00  0.137954738253E+00  0.0000E+00
1  cu    -0.294406109527E+00  0.721401077647E+00 -0.100030658209E+01  0.140702434809E+00  0.0000E+00
1  cu     0.987978264957E+00  0.509917914306E+00 -0.128143940876E+00  0.139562034335E+00  0.0000E+00
1  cu    -0.889408331939E+00 -0.236067545834E+00  0.116352632664E+00  0.140190139554E+00  0.0000E+00
2  ni     0.598295136362E+00  0.607541365252E-01 -0.590930589696E+00  0.138961689030E+00  0.0000E+00
1  cu     0.680561392690E+00 -0.606740187939E+00 -0.937729722854E+00  0.138314978128E+00  0.0000E+00
2  ni     0.108970763296E+00  0.501556296206E-01 -0.154408392485E+00  0.137693292762E+00  0.0000E+00
2  ni     0.262316714503E+00  0.624820839718E+00  0.372879245046E+00  0.137881771881E+00  0.0000E+00
2  ni     0.142513089474E+00  0.896966884442E+00 -0.642272266275E+00  0.140885489748E+00  0.0000E+00
2  ni    -0.751056113364E+00 -0.350083091147E+00 -0.108032756995E+00  0.137278766499E+00  0.0000E+00
1  cu    -0.959619380809E+00 -0.865128828109E-01  0.594087979930E+00  0.140781642702E+00  0.0000E+00
  list of objects:
   bonded contacts (i,j):         0

