particles:      400 objects:        4 bonded_contacts:          0  mean_radius:   0.100000012138E-02
 -0.866434411633E-02 -0.136836733905E-01 -0.584024368026E-02  0.868188836336E-02  0.136851301538E-01  0.584024368026E-02
mat type  xcenter_mm          ycenter_mm          zcenter_mm          radius_mm           Temp_degC
1  cu^   -0.754405079475E-02  0.167926265391E-02 -0.466883761204E-02  0.963979476871E-03  0.0000E+00
1  cu    -0.655224451020E-02 -0.741680894863E-03  0.821711881157E-03  0.979030477261E-03  0.0000E+00
1  cu     0.758688342684E-02 -0.120078528271E-03  0.370194394249E-02  0.104216860347E-02  0.0000E+00
1  cu     0.386859106059E-02 -0.442575517771E-02  0.206129607123E-02  0.969973925604E-03  0.0000E+00
1  cu     0.207254579845E-02 -0.468288923478E-02  0.185977448477E-02  0.104054897444E-02  0.0000E+00
1  cu    -0.224560553396E-02  0.727872473671E-02 -0.298717423030E-02  0.976973416482E-03  0.0000E+00
1  cu     0.524977079368E-02  0.410180867293E-02  0.558597970098E-02  0.101640327436E-02  0.0000E+00
1  cu     0.727747926352E-02  0.217453563463E-02  0.168216184867E-02  0.972508040059E-03  0.0000E+00
1  cu    -0.176066503555E-02 -0.730702358573E-02 -0.574836006320E-02  0.102194050879E-02  0.0000E+00
1  cu     0.319627197476E-02 -0.386156984579E-02  0.668470404227E-03  0.104563877074E-02  0.0000E+00
1  cu    -0.474706142547E-02 -0.146655161329E-02  0.336939581041E-02  0.100976856057E-02  0.0000E+00
1  cu    -0.424672882583E-02  0.261744135906E-02  0.108850971402E-02  0.100811359378E-02  0.0000E+00
1  cu    -0.113181408061E-02  0.639891793028E-02  0.199561988092E-02  0.972247116202E-03  0.0000E+00
1  cu     0.443371022497E-02 -0.398855924898E-02  0.521895629834E-02  0.997829793681E-03  0.0000E+00
1  cu    -0.417112868923E-02 -0.495712526860E-02 -0.335329687557E-02  0.969614969382E-03  0.0000E+00
1  cu     0.670033059444E-02 -0.641686855141E-03  0.664766184872E-03  0.102152956242E-02  0.0000E+00
1  cu     0.541801503562E-02 -0.356697095728E-02 -0.300613128935E-02  0.963560255131E-03  0.0000E+00
1  cu     0.700295351114E-03 -0.622755596785E-02 -0.354766730866E-02  0.102375219342E-02  0.0000E+00
1  cu     0.140143617929E-02  0.636562875418E-02 -0.461749979231E-03  0.962458155996E-03  0.0000E+00
1  cu     0.365875145017E-02  0.339384777789E-02 -0.316432471954E-03  0.955062339674E-03  0.0000E+00
1  cu    -0.111466014774E-02 -0.582879518338E-02  0.324160536322E-02  0.973463752855E-03  0.0000E+00
1  cu    -0.284223729966E-02 -0.578617239733E-02  0.181815844459E-02  0.999227075909E-03  0.0000E+00
1  cu     0.398372836908E-02  0.493365765580E-02  0.341522419981E-02  0.991580694890E-03  0.0000E+00
1  cu     0.506704121051E-02 -0.198304464984E-03 -0.151565388472E-03  0.963514962569E-03  0.0000E+00
1  cu     0.231633827324E-02 -0.570923303594E-02 -0.472348910474E-02  0.975845110755E-03  0.0000E+00
1  cu    -0.630438835419E-02  0.425554535384E-02 -0.106947700149E-02  0.104404998301E-02  0.0000E+00
1  cu     0.754209263479E-02 -0.488080246690E-03 -0.707987581924E-03  0.103266148053E-02  0.0000E+00
1  cu    -0.151393746924E-03  0.496717169167E-02 -0.449346720257E-02  0.966479509228E-03  0.0000E+00
1  cu    -0.294509810553E-02 -0.531468711199E-02  0.354056126443E-02  0.103337605651E-02  0.0000E+00
1  cu     0.155786734477E-02 -0.732864887906E-02  0.558078599792E-02  0.105192049566E-02  0.0000E+00
1  cu    -0.625127463987E-02 -0.432051959423E-02 -0.226517300574E-02  0.961484035133E-03  0.0000E+00
1  cu    -0.701783324763E-02  0.170270449677E-02  0.390495393741E-02  0.999553603312E-03  0.0000E+00
1  cu     0.307560953801E-02 -0.694141658929E-02 -0.356662624782E-02  0.968055226175E-03  0.0000E+00
1  cu     0.607032511319E-02 -0.154016097606E-02 -0.349853335207E-02  0.100494442524E-02  0.0000E+00
1  cu    -0.607128695775E-02 -0.167143803207E-02 -0.341064085354E-02  0.105136609955E-02  0.0000E+00
1  cu     0.667533890897E-02  0.370817271623E-02 -0.524856784622E-02  0.996942899813E-03  0.0000E+00
1  cu     0.241904997099E-02  0.581154371220E-02 -0.485547822732E-02  0.104162361282E-02  0.0000E+00
1  cu    -0.172185900302E-02  0.631989815723E-02 -0.194313943106E-03  0.101073430367E-02  0.0000E+00
1  cu     0.425659008733E-02  0.419035859499E-02 -0.178543120561E-02  0.999985818105E-03  0.0000E+00
1  cu     0.227717987670E-02 -0.568875397002E-02  0.493424746924E-02  0.997487391194E-03  0.0000E+00
1  cu     0.325417883391E-02  0.564392742315E-02  0.183741047674E-02  0.954136119567E-03  0.0000E+00
1  cu     0.684806105920E-02  0.324643311742E-02  0.476462210918E-03  0.956168451676E-03  0.0000E+00
1  cu     0.624408012721E-02  0.516039908680E-03  0.479597735670E-02  0.102024430864E-02  0.0000E+00
1  cu    -0.253113597205E-02 -0.545521240089E-02 -0.508262198686E-03  0.103778332595E-02  0.0000E+00
1  cu    -0.881675793797E-03  0.623763840430E-02  0.437483773901E-02  0.102016535776E-02  0.0000E+00
1  cu    -0.347098918471E-02  0.492158270816E-02 -0.373486995616E-02  0.102438360909E-02  0.0000E+00
1  cu    -0.930141333485E-03 -0.758120628488E-02 -0.126835996252E-02  0.987555629247E-03  0.0000E+00
1  cu     0.477141691509E-02  0.190534354691E-02  0.456957924636E-02  0.103849632938E-02  0.0000E+00
1  cu    -0.273311775452E-02  0.704520811472E-02  0.233795712557E-02  0.101191969092E-02  0.0000E+00
1  cu    -0.175895360307E-02 -0.727713205205E-02  0.197318195745E-02  0.102070411199E-02  0.0000E+00
1  cu     0.327318199245E-02  0.689965971013E-02 -0.212444166711E-03  0.100464583618E-02  0.0000E+00
1  cu     0.571656135399E-03 -0.500249846517E-02 -0.458096653831E-02  0.955605476927E-03  0.0000E+00
1  cu     0.254331981030E-02 -0.722205162777E-02 -0.177958439369E-03  0.966456586028E-03  0.0000E+00
1  cu     0.412374152757E-02  0.282358374488E-02 -0.297174913184E-02  0.966728268170E-03  0.0000E+00
1  cu     0.187228406330E-02 -0.649007619326E-02  0.125117061531E-02  0.101316963087E-02  0.0000E+00
1  cu     0.381893707199E-02  0.518632502071E-02  0.503251506112E-02  0.101774661121E-02  0.0000E+00
1  cu     0.622323705180E-02  0.144401113500E-03 -0.502721182119E-02  0.963979728005E-03  0.0000E+00
1  cu     0.415997870708E-02 -0.615873341977E-02  0.407179584200E-02  0.990228655148E-03  0.0000E+00
1  cu     0.601527280264E-02 -0.262525869840E-02 -0.521303708648E-02  0.971928562209E-03  0.0000E+00
1  cu     0.478831399824E-02 -0.328213863197E-02  0.125357673275E-02  0.996610551545E-03  0.0000E+00
1  cu     0.161001925487E-02 -0.744264471371E-02 -0.436256357872E-02  0.988670544297E-03  0.0000E+00
1  cu     0.123961661980E-03  0.495027963361E-02 -0.271512063024E-02  0.958673449109E-03  0.0000E+00
1  cu     0.512794402453E-02 -0.432259752296E-02 -0.447553998183E-02  0.102584296259E-02  0.0000E+00
1  cu    -0.319918055840E-02  0.590670812008E-02 -0.214805583885E-02  0.977457593016E-03  0.0000E+00
1  cu    -0.348473171035E-02 -0.375947166561E-02 -0.331030159732E-03  0.104450712556E-02  0.0000E+00
1  cu    -0.377404451628E-02  0.339709125381E-02 -0.273962555605E-02  0.100660458207E-02  0.0000E+00
1  cu    -0.263650485496E-02 -0.534697481450E-02 -0.427319076960E-02  0.104119001681E-02  0.0000E+00
1  cu     0.319287646179E-02 -0.698042809636E-02 -0.524256816714E-02  0.987784526400E-03  0.0000E+00
1  cu    -0.426534184050E-02 -0.427702944488E-02  0.498691392897E-02  0.103098517357E-02  0.0000E+00
1  cu     0.547584352788E-02  0.525690326596E-02 -0.238562831309E-02  0.998552097935E-03  0.0000E+00
1  cu     0.513134183398E-02  0.705913676939E-05 -0.350648804886E-02  0.986978410085E-03  0.0000E+00
1  cu     0.581066241809E-02 -0.842613502760E-03  0.281414989350E-02  0.978384666385E-03  0.0000E+00
1  cu     0.381153827091E-02 -0.660370895961E-02 -0.219711778115E-02  0.964836980165E-03  0.0000E+00
1  cu    -0.454888339168E-02  0.368274666456E-02  0.275068542691E-04  0.995074785389E-03  0.0000E+00
1  cu     0.235150865205E-02  0.720989276024E-02 -0.158557993019E-02  0.100373724338E-02  0.0000E+00
1  cu    -0.653100655316E-02  0.397687974397E-02 -0.396925878267E-02  0.970862752289E-03  0.0000E+00
1  cu    -0.524959215294E-02 -0.332288972632E-02 -0.320388646819E-02  0.985774965299E-03  0.0000E+00
1  cu    -0.487990860098E-02 -0.411530783638E-02 -0.487596303643E-02  0.977856902139E-03  0.0000E+00
1  cu    -0.453362995918E-02 -0.417036555879E-02  0.110409359857E-02  0.100366607159E-02  0.0000E+00
1  cu     0.590967598427E-02 -0.547960849132E-03 -0.181964310197E-02  0.101141924019E-02  0.0000E+00
1  cu    -0.721780084988E-02  0.198579082162E-02 -0.329110919093E-02  0.103307473491E-02  0.0000E+00
1  cu    -0.237647917789E-02 -0.435017957947E-02  0.468060994333E-02  0.995437302293E-03  0.0000E+00
1  cu     0.661815005478E-02  0.359389150888E-02  0.457223989545E-02  0.104787168616E-02  0.0000E+00
1  cu    -0.513531654374E-03  0.629846621149E-02 -0.543081151403E-02  0.989769984883E-03  0.0000E+00
1  cu    -0.154636450932E-02 -0.475057159322E-02  0.226266762470E-02  0.101625443127E-02  0.0000E+00
1  cu     0.230259093108E-02 -0.611968164346E-02 -0.146875167463E-02  0.955815062754E-03  0.0000E+00
1  cu     0.748431443086E-02 -0.460384498368E-03 -0.287154316720E-02  0.102703138136E-02  0.0000E+00
1  cu    -0.113386689802E-03  0.521953560772E-02 -0.622398480457E-03  0.104391837230E-02  0.0000E+00
1  cu    -0.372475584897E-02 -0.328999096293E-02  0.373708463284E-02  0.101375803732E-02  0.0000E+00
1  cu     0.511058169255E-02  0.327547133425E-02 -0.427874736172E-02  0.997765994390E-03  0.0000E+00
1  cu     0.460330496812E-03  0.622476788254E-02 -0.190862648946E-02  0.100907361467E-02  0.0000E+00
1  cu     0.242445917859E-02  0.437599877953E-02  0.398240368654E-02  0.100684356334E-02  0.0000E+00
1  cu    -0.462122304443E-02 -0.279358409677E-02  0.219857623439E-02  0.103306986775E-02  0.0000E+00
1  cu     0.642360964904E-02 -0.409485679371E-02 -0.259195150140E-03  0.954438196900E-03  0.0000E+00
1  cu     0.446113945596E-02 -0.402764148304E-02  0.346724296776E-02  0.963513458023E-03  0.0000E+00
1  cu     0.680173978273E-02 -0.348857664240E-02 -0.413179482872E-02  0.102907219335E-02  0.0000E+00
1  cu    -0.383843117557E-02  0.452729123716E-02 -0.535701069732E-02  0.104465220766E-02  0.0000E+00
1  cu     0.542609714223E-02  0.353081814268E-02 -0.491781482408E-03  0.978174003156E-03  0.0000E+00
1  cu    -0.588414877697E-02 -0.260970223165E-02 -0.173773645488E-02  0.987050562482E-03  0.0000E+00
1  cu    -0.718176855738E-02 -0.227980133360E-02 -0.641721948582E-04  0.100230708389E-02  0.0000E+00
1  cu     0.534239967073E-02 -0.223144526197E-02  0.505425739210E-02  0.991613120713E-03  0.0000E+00
1  cu     0.713040342792E-02  0.270841689139E-02 -0.844821749291E-03  0.962703203280E-03  0.0000E+00
1  cu     0.764319722345E-02  0.357172685657E-03  0.176747167913E-02  0.987834734709E-03  0.0000E+00
1  cu    -0.352331861485E-02  0.520655796788E-02  0.303302599404E-02  0.953504929662E-03  0.0000E+00
1  cu     0.846150870252E-03 -0.670080305998E-02  0.401614904713E-02  0.104095011473E-02  0.0000E+00
1  cu     0.494097248882E-02 -0.454752008149E-03  0.416804134204E-02  0.962213007818E-03  0.0000E+00
1  cu    -0.468920615048E-02  0.182171230055E-02 -0.517255166969E-03  0.961054530466E-03  0.0000E+00
1  cu     0.187373253838E-02 -0.728354907262E-02  0.266249277351E-02  0.103000734029E-02  0.0000E+00
1  cu    -0.592591722870E-02  0.586481691955E-03 -0.114488590030E-02  0.100379457305E-02  0.0000E+00
1  cu    -0.123312763671E-02  0.494886725381E-02  0.754906181811E-03  0.101035904783E-02  0.0000E+00
1  cu    -0.701895961329E-02  0.309469581679E-02  0.469790251798E-02  0.104403596749E-02  0.0000E+00
1  cu     0.439044360865E-02 -0.415198428159E-02 -0.308363857183E-03  0.973382094845E-03  0.0000E+00
1  cu    -0.133758331521E-02  0.598404590286E-02 -0.208414370201E-02  0.102979135547E-02  0.0000E+00
1  cu    -0.210907959533E-02  0.455247225241E-02  0.206761705743E-02  0.102748330398E-02  0.0000E+00
1  cu    -0.597379424188E-02  0.474359388874E-03 -0.310509892016E-02  0.104085766854E-02  0.0000E+00
1  cu     0.406977057388E-02  0.391392469637E-02  0.213048523890E-02  0.103514772159E-02  0.0000E+00
1  cu     0.291571389018E-02  0.414676598020E-02  0.954950392532E-03  0.978924317509E-03  0.0000E+00
1  cu    -0.476830398336E-02 -0.457192630655E-02 -0.118591084400E-02  0.102440924242E-02  0.0000E+00
1  cu     0.581979907143E-02  0.440516157824E-02  0.327277554548E-02  0.966948613407E-03  0.0000E+00
1  cu    -0.285822997147E-02  0.593081716937E-02  0.125763477817E-02  0.968439412119E-03  0.0000E+00
1  cu    -0.378296956826E-02  0.467864460180E-02 -0.114684899673E-02  0.101527311206E-02  0.0000E+00
1  cu     0.659743297293E-02  0.106266908608E-02  0.288265500016E-02  0.101602049057E-02  0.0000E+00
1  cu    -0.611964174217E-02 -0.136411200506E-02  0.436270852677E-02  0.953738440837E-03  0.0000E+00
1  cu    -0.226935943717E-03 -0.623577616748E-02 -0.205698210633E-03  0.981682563603E-03  0.0000E+00
1  cu     0.288585618969E-02 -0.423411556823E-02 -0.566617536393E-02  0.959943452640E-03  0.0000E+00
1  cu    -0.136028415397E-02 -0.495146525451E-02 -0.201312813405E-02  0.977279682982E-03  0.0000E+00
1  cu     0.166809817608E-02  0.480403366367E-02  0.217433065308E-02  0.104387066933E-02  0.0000E+00
1  cu     0.221012805131E-02  0.587758164520E-02  0.329177692317E-02  0.964336527933E-03  0.0000E+00
1  cu    -0.485093817591E-02 -0.455330394450E-02  0.296900977805E-02  0.100744541130E-02  0.0000E+00
1  cu     0.695978553632E-03 -0.502730378187E-02  0.823714525893E-03  0.994528712481E-03  0.0000E+00
1  cu     0.302541648096E-02 -0.398534400690E-02 -0.253888591627E-02  0.962812698737E-03  0.0000E+00
1  cu    -0.653322025006E-02  0.238648604935E-02 -0.181693149277E-02  0.100908836564E-02  0.0000E+00
1  cu    -0.512442358985E-03 -0.755727459672E-02  0.322724525196E-02  0.102738306674E-02  0.0000E+00
1  cu    -0.139995244470E-02  0.753300331419E-02  0.532238458497E-02  0.104662776141E-02  0.0000E+00
1  cu    -0.503882705204E-02 -0.278021101381E-05  0.149121416314E-03  0.102070401034E-02  0.0000E+00
1  cu     0.654916626215E-02  0.237734892339E-02 -0.211241558811E-02  0.101269711549E-02  0.0000E+00
1  cu    -0.618424540611E-03 -0.607476516451E-02  0.146971811010E-02  0.101896668447E-02  0.0000E+00
1  cu     0.608522781192E-02 -0.255018867830E-02  0.228310653698E-02  0.973392854619E-03  0.0000E+00
1  cu    -0.354962083839E-02  0.356311243273E-02  0.505358712633E-02  0.100223305100E-02  0.0000E+00
1  cu     0.235955838625E-03  0.757716472222E-02  0.181271301588E-02  0.103442744732E-02  0.0000E+00
1  cu    -0.361601459510E-02 -0.668604602867E-02 -0.169249015140E-02  0.103021148009E-02  0.0000E+00
1  cu    -0.660555062428E-02  0.733059795551E-03  0.194001668952E-02  0.955626618665E-03  0.0000E+00
1  cu    -0.486212684918E-02  0.209546437784E-02  0.248471903049E-02  0.102997423282E-02  0.0000E+00
1  cu     0.264251649550E-02 -0.541063654855E-02  0.123579077616E-03  0.998323099135E-03  0.0000E+00
1  cu    -0.507932116135E-02  0.563098888853E-02 -0.189318998820E-02  0.103581361998E-02  0.0000E+00
1  cu     0.513293581641E-02  0.553879594755E-02  0.204636917225E-02  0.104637386175E-02  0.0000E+00
1  cu     0.129777355512E-03 -0.631267132696E-02 -0.193790124795E-02  0.100610959643E-02  0.0000E+00
1  cu     0.507869032309E-02 -0.561572524012E-02  0.302874107517E-02  0.100439178106E-02  0.0000E+00
1  cu    -0.559656029409E-02 -0.117027782209E-02 -0.567256719772E-02  0.104781548060E-02  0.0000E+00
1  cu     0.283160995234E-02  0.508253257735E-02 -0.245766003705E-02  0.103955451269E-02  0.0000E+00
1  cu     0.563360428656E-02  0.181416648741E-02 -0.335476984940E-02  0.103852225569E-02  0.0000E+00
1  cu    -0.219135400105E-02  0.546359437401E-02 -0.506432953236E-02  0.103332015590E-02  0.0000E+00
1  cu    -0.436336689492E-02  0.625796602051E-02  0.228807022918E-02  0.102404932950E-02  0.0000E+00
1  cu    -0.195414677871E-02  0.725759295515E-02 -0.459347918605E-02  0.104584258765E-02  0.0000E+00
1  cu    -0.301529669963E-02 -0.702998654303E-02 -0.477374034118E-02  0.992498863563E-03  0.0000E+00
1  cu     0.643797895236E-02 -0.401200258594E-02 -0.186034896197E-02  0.103584549571E-02  0.0000E+00
1  cu     0.176630867320E-02  0.741615243024E-02  0.696873154254E-03  0.988640874938E-03  0.0000E+00
1  cu    -0.741994995354E-04 -0.614215397199E-02  0.568013139084E-02  0.994527710943E-03  0.0000E+00
1  cu     0.584065226374E-02  0.481659153990E-02 -0.408660172027E-02  0.986121657948E-03  0.0000E+00
1  cu    -0.559717609885E-02 -0.317359239708E-02  0.366535128811E-02  0.981257473164E-03  0.0000E+00
1  cu     0.245579955188E-02  0.728726402828E-02 -0.405759282964E-02  0.996567063985E-03  0.0000E+00
1  cu     0.834222858026E-03  0.748319049426E-02 -0.471813518926E-02  0.104098241499E-02  0.0000E+00
1  cu     0.372669784872E-02 -0.655714021438E-02  0.948674365985E-03  0.980778763219E-03  0.0000E+00
1  cu    -0.567546910121E-02  0.152027473800E-02  0.823387631024E-03  0.102268786338E-02  0.0000E+00
1  cu     0.265515346088E-02  0.423374484442E-02  0.576102289632E-02  0.103346829941E-02  0.0000E+00
1  cu    -0.155126750635E-02  0.491269507327E-02 -0.351482028804E-02  0.104141382257E-02  0.0000E+00
1  cu     0.293200218396E-02 -0.409897337922E-02  0.433631470447E-02  0.996728598169E-03  0.0000E+00
1  cu     0.762819151337E-05 -0.760951625488E-02 -0.499848887638E-02  0.984472736244E-03  0.0000E+00
1  cu    -0.733529043597E-02 -0.169947232273E-02 -0.481357723365E-02  0.104499042762E-02  0.0000E+00
1  cu    -0.563387949513E-02 -0.515696575589E-02  0.115778974647E-03  0.104780454443E-02  0.0000E+00
1  cu    -0.329751570575E-02  0.539025782364E-02  0.480847094112E-02  0.982042599090E-03  0.0000E+00
1  cu     0.376626043134E-02 -0.515914778141E-02 -0.321630953839E-02  0.102785327409E-02  0.0000E+00
1  cu    -0.510470296321E-02  0.554728670838E-02  0.548206414231E-02  0.102991449348E-02  0.0000E+00
1  cu    -0.364003328258E-02 -0.334953544938E-02 -0.395757117149E-02  0.980714838362E-03  0.0000E+00
1  cu     0.330425627134E-02 -0.388253256039E-02 -0.424549451388E-02  0.983237891086E-03  0.0000E+00
1  cu    -0.296825626968E-02 -0.698797166742E-02  0.713298793244E-03  0.103527369381E-02  0.0000E+00
1  cu    -0.872121593114E-03 -0.510676373801E-02 -0.336451338296E-02  0.104529189871E-02  0.0000E+00
1  cu     0.697661446522E-02  0.300752647651E-02  0.301117218095E-02  0.961216591578E-03  0.0000E+00
1  cu    -0.709137361920E-02  0.204252311631E-02  0.571010629912E-02  0.104250443768E-02  0.0000E+00
1  cu     0.677066041516E-02 -0.162512456285E-02  0.397242388832E-02  0.977418696075E-03  0.0000E+00
1  cu     0.744477155902E-02 -0.144625788892E-02  0.220066096506E-02  0.104195954270E-02  0.0000E+00
1  cu    -0.490824453285E-02 -0.245485401047E-02  0.482298395500E-02  0.100234743829E-02  0.0000E+00
1  cu     0.189278120732E-02  0.588543412110E-02  0.501908223136E-02  0.103153560539E-02  0.0000E+00
1  cu     0.806898881734E-03 -0.755836468745E-02  0.339611545326E-03  0.979192412065E-03  0.0000E+00
1  cu     0.465197194744E-02  0.239439663192E-02 -0.149501196345E-02  0.105128238913E-02  0.0000E+00
1  cu    -0.417126186753E-02 -0.638331325998E-02  0.274646373190E-02  0.975151021396E-03  0.0000E+00
1  cu    -0.561931236443E-02  0.503601216183E-02  0.265129605356E-02  0.981314076353E-03  0.0000E+00
1  cu    -0.452938040591E-02  0.398653134506E-02  0.374956490894E-02  0.957699679152E-03  0.0000E+00
1  cu     0.241366090029E-02  0.731382717793E-02 -0.580162549472E-02  0.966163938919E-03  0.0000E+00
1  cu    -0.528940964531E-02  0.539975695905E-02 -0.240498346956E-03  0.103261091944E-02  0.0000E+00
1  cu     0.756095963229E-02  0.913617390727E-03 -0.168847550282E-02  0.968972994240E-03  0.0000E+00
1  cu    -0.766983770938E-02  0.751820118499E-03  0.290500342515E-02  0.987498425140E-03  0.0000E+00
1  cu     0.690777313757E-02 -0.117080403707E-02  0.551911182322E-02  0.981723166142E-03  0.0000E+00
1  cu    -0.482494149495E-02  0.141729166105E-02 -0.410350011510E-02  0.100774924422E-02  0.0000E+00
1  cu    -0.764283166324E-02 -0.771833718615E-03  0.200052439023E-02  0.100538932814E-02  0.0000E+00
1  cu     0.545470168388E-02 -0.541785299087E-02  0.467034054740E-02  0.955362686463E-03  0.0000E+00
1  cu    -0.581080163426E-02 -0.122625639679E-02 -0.673186413706E-03  0.979032860021E-03  0.0000E+00
1  cu    -0.752787395782E-02  0.107293014466E-03 -0.399516520883E-02  0.100226387437E-02  0.0000E+00
1  cu     0.744606529579E-02  0.140013355072E-02 -0.324051395517E-02  0.968089684968E-03  0.0000E+00
1  cu     0.529297529014E-02 -0.545196077116E-02  0.168060006809E-02  0.953544404117E-03  0.0000E+00
1  cu    -0.635645636086E-02  0.434261902755E-02  0.644870370016E-03  0.954086437907E-03  0.0000E+00
1  cu     0.472184794200E-02 -0.168399928484E-02 -0.988179137913E-03  0.997897482515E-03  0.0000E+00
1  cu    -0.314613942159E-02  0.688041780397E-02  0.564071113819E-02  0.101520808103E-02  0.0000E+00
1  cu    -0.599814549632E-02  0.270126731641E-02 -0.479417369893E-02  0.102340126144E-02  0.0000E+00
1  cu    -0.610822497015E-02  0.326843044032E-02  0.329936994982E-02  0.105091570764E-02  0.0000E+00
1  cu    -0.573267091295E-02  0.350896391542E-02  0.167426861825E-02  0.989179297311E-03  0.0000E+00
1  cu    -0.503690042851E-02 -0.231192551043E-02 -0.447273449091E-02  0.954789027983E-03  0.0000E+00
1  cu    -0.742126027256E-02  0.157670171284E-02 -0.645795630287E-03  0.997861394363E-03  0.0000E+00
1  cu     0.510311879119E-02 -0.146130442121E-02  0.114017076396E-02  0.104788093616E-02  0.0000E+00
1  cu     0.456304385365E-02  0.592707809707E-02 -0.339470550254E-02  0.970352317591E-03  0.0000E+00
1  cu    -0.146549793705E-02 -0.745728099418E-02 -0.400084196260E-02  0.100753589627E-02  0.0000E+00
1  cu    -0.758408605205E-02 -0.981391337462E-03 -0.304800503607E-02  0.983945674568E-03  0.0000E+00
1  cu    -0.185466737248E-02  0.548725084679E-02  0.339809560312E-02  0.981368248944E-03  0.0000E+00
1  cu    -0.657920550751E-02 -0.224903006870E-02  0.163760106338E-02  0.100683147316E-02  0.0000E+00
1  cu    -0.573809706561E-02 -0.521116745554E-02  0.183558678561E-02  0.965288955095E-03  0.0000E+00
1  cu     0.507413421367E-02 -0.780572078243E-03  0.563501637590E-02  0.962073117254E-03  0.0000E+00
1  cu    -0.170775150993E-02 -0.641597279055E-02  0.461788545091E-02  0.101226372278E-02  0.0000E+00
1  cu    -0.498236722194E-02  0.141031703493E-02  0.534179367868E-02  0.102635025964E-02  0.0000E+00
1  cu    -0.393976913648E-02  0.660914705121E-02 -0.331057986730E-02  0.970303012157E-03  0.0000E+00
1  cu    -0.304432373103E-02 -0.404918589362E-02 -0.540508449077E-02  0.103111008744E-02  0.0000E+00
1  cu    -0.616066985338E-02  0.279943495542E-02 -0.208784574270E-03  0.101538543947E-02  0.0000E+00
1  cu    -0.309262410940E-02  0.691156186567E-02  0.388084919963E-02  0.104778546444E-02  0.0000E+00
1  cu     0.245277724782E-02  0.571361715845E-02  0.641667445080E-03  0.969387526699E-03  0.0000E+00
1  cu     0.752682774848E-02  0.124550375386E-02  0.146863057221E-03  0.104445049547E-02  0.0000E+00
1  cu     0.539031464296E-02  0.240039687079E-02  0.211687057897E-02  0.104672258737E-02  0.0000E+00
1  cu     0.121178458719E-02  0.739879327153E-02 -0.295581048792E-02  0.103746585422E-02  0.0000E+00
1  cu     0.585955188736E-02 -0.376997309603E-02  0.431771255387E-02  0.965649666996E-03  0.0000E+00
1  cu    -0.499021943370E-02  0.580336620714E-02  0.110895974966E-02  0.959517710459E-03  0.0000E+00
1  cu    -0.763409463493E-02  0.757827028115E-03  0.761962380797E-03  0.983119868375E-03  0.0000E+00
1  cu    -0.359237799615E-02  0.609930614692E-02 -0.100723017998E-03  0.104737933142E-02  0.0000E+00
1  cu    -0.735471593788E-02 -0.151010737027E-02 -0.166535210143E-02  0.103348914330E-02  0.0000E+00
1  cu     0.451320729662E-02 -0.349275307407E-02 -0.165821872647E-02  0.100043498425E-02  0.0000E+00
1  cu     0.708915015639E-02 -0.288043960841E-02  0.514491053701E-02  0.966656390826E-03  0.0000E+00
1  cu     0.206852756710E-02  0.723468230315E-02  0.220954331460E-02  0.102515659701E-02  0.0000E+00
1  cu    -0.542469059505E-02  0.270476024326E-02 -0.317743804208E-02  0.102320353745E-02  0.0000E+00
1  cu    -0.601033335404E-02  0.669717935985E-03 -0.505142382177E-02  0.101101835103E-02  0.0000E+00
1  cu     0.706909239290E-02 -0.317738292102E-02  0.345830071435E-02  0.973983666257E-03  0.0000E+00
1  cu    -0.119158805738E-02  0.757093518020E-02 -0.115179686260E-02  0.977708610640E-03  0.0000E+00
1  cu     0.539548240104E-02  0.557458260819E-02 -0.527057717737E-02  0.966907934631E-03  0.0000E+00
1  cu    -0.660601905101E-02  0.399473654615E-03  0.493453161705E-02  0.104221374730E-02  0.0000E+00
1  cu     0.602325385922E-02  0.111426550345E-02 -0.840496423527E-03  0.101620803178E-02  0.0000E+00
1  cu    -0.232531703908E-03  0.499032308669E-02  0.260341607521E-02  0.100828455436E-02  0.0000E+00
1  cu    -0.664503780669E-02 -0.371409953266E-02  0.258263880438E-02  0.104071740576E-02  0.0000E+00
1  cu    -0.652452330441E-02 -0.379967425617E-02  0.875779322351E-03  0.988374586138E-03  0.0000E+00
1  cu     0.597893540632E-02  0.230342192774E-02  0.565170842656E-02  0.970229956885E-03  0.0000E+00
1  cu     0.522472203845E-02  0.547673536725E-02 -0.714385990656E-03  0.974508270435E-03  0.0000E+00
1  cu     0.540445625378E-02 -0.275620823623E-02 -0.104561055493E-03  0.971115373864E-03  0.0000E+00
1  cu     0.189683344165E-02 -0.469089878043E-02 -0.355588704822E-02  0.990593405331E-03  0.0000E+00
1  cu     0.708902563369E-02 -0.258351857597E-02 -0.817061525501E-03  0.101434739449E-02  0.0000E+00
1  cu     0.635848239153E-02 -0.408862135841E-02  0.121960879141E-02  0.102124421156E-02  0.0000E+00
1  cu     0.294804597244E-02 -0.543698724011E-02  0.314148037561E-02  0.104303375655E-02  0.0000E+00
1  cu    -0.272066961053E-02  0.422365398997E-02  0.193132100427E-03  0.972519626475E-03  0.0000E+00
1  cu     0.705557124257E-02  0.285822068561E-02 -0.392416310390E-02  0.972148481418E-03  0.0000E+00
1  cu     0.400805483348E-02  0.471499295863E-02 -0.492902725453E-02  0.974031091199E-03  0.0000E+00
1  cu     0.445603895673E-02  0.608754302190E-02  0.631926608412E-03  0.973376000428E-03  0.0000E+00
1  cu    -0.108060812246E-02 -0.758074857384E-02  0.533123068878E-03  0.100697219036E-02  0.0000E+00
1  cu    -0.351057520374E-02 -0.672687446165E-02 -0.325141788916E-02  0.984245570109E-03  0.0000E+00
1  cu    -0.628058583807E-02  0.413394805228E-02 -0.247669823090E-02  0.104337222166E-02  0.0000E+00
1  cu     0.313360806019E-02  0.683356099600E-02 -0.292621984459E-02  0.953202200276E-03  0.0000E+00
1  cu     0.496733620805E-02 -0.116655315368E-02 -0.473195868713E-02  0.992901833525E-03  0.0000E+00
1  cu    -0.444816548651E-02 -0.605465590366E-02  0.118797811848E-02  0.968200107973E-03  0.0000E+00
1  cu     0.177096883159E-02 -0.737177132338E-02 -0.253322220974E-02  0.103040115592E-02  0.0000E+00
1  cu    -0.539820570257E-02 -0.539592360219E-02 -0.582508760867E-02  0.983957938146E-03  0.0000E+00
1  cu    -0.604854956191E-02 -0.794472836825E-03  0.263813514385E-02  0.958671668394E-03  0.0000E+00
1  cu     0.199814921665E-02  0.739720104014E-02  0.405630274051E-02  0.100746502345E-02  0.0000E+00
1  cu    -0.335012477220E-02 -0.584434166117E-02  0.565528909601E-02  0.105257207956E-02  0.0000E+00
1  cu    -0.132194134135E-02  0.753147323075E-02  0.328962332386E-02  0.996549006451E-03  0.0000E+00
1  cu    -0.504146951964E-02 -0.831015201373E-03 -0.217502931006E-02  0.104631439746E-02  0.0000E+00
1  cu     0.335926385451E-02  0.507596498866E-02 -0.608004227284E-03  0.989605993196E-03  0.0000E+00
1  cu    -0.138216077467E-03  0.727509222478E-02  0.231971752476E-03  0.104410142305E-02  0.0000E+00
1  cu    -0.513179253345E-02 -0.260278540960E-02  0.382169391228E-03  0.104427848253E-02  0.0000E+00
1  cu    -0.349192864920E-03 -0.765633032424E-02 -0.291417819378E-02  0.974674795858E-03  0.0000E+00
1  cu     0.657746204325E-03  0.770741864532E-02 -0.120571446354E-02  0.965007342812E-03  0.0000E+00
1  cu    -0.747975063741E-02 -0.133127380685E-02  0.526832414578E-02  0.100237953824E-02  0.0000E+00
1  cu    -0.392595264643E-03  0.653312420727E-02 -0.368674679043E-02  0.104139706853E-02  0.0000E+00
1  cu    -0.720981321354E-02  0.243901507270E-02  0.227112999404E-02  0.995870291405E-03  0.0000E+00
1  cu    -0.477663722798E-02  0.320648523453E-02 -0.156106788410E-02  0.102864145545E-02  0.0000E+00
1  cu    -0.647128698670E-02 -0.345051578605E-02 -0.563176093868E-02  0.104867717165E-02  0.0000E+00
1  cu     0.319344129579E-02  0.401598728422E-02 -0.381409107574E-02  0.102407897495E-02  0.0000E+00
1  cu    -0.234415177598E-02 -0.720744100659E-02 -0.686450306717E-03  0.992754870931E-03  0.0000E+00
1  cu     0.446832140707E-02 -0.262269402412E-02 -0.387851863679E-02  0.100622475804E-02  0.0000E+00
1  cu     0.646776144205E-02  0.391127699023E-02 -0.302414534703E-02  0.975598181488E-03  0.0000E+00
1  cu    -0.387861526963E-02  0.639166508201E-02 -0.480875807440E-02  0.959319987217E-03  0.0000E+00
1  cu     0.473520720712E-02  0.188731032646E-02  0.201378493025E-03  0.104353877548E-02  0.0000E+00
1  cu     0.137490247214E-02 -0.482520227063E-02  0.372824657380E-02  0.103218369738E-02  0.0000E+00
1  cu     0.400109155462E-02 -0.632101548225E-02 -0.777560034380E-03  0.956092462244E-03  0.0000E+00
1  cu     0.361540862280E-02  0.669622552991E-02  0.419355844953E-02  0.969481523025E-03  0.0000E+00
1  cu    -0.317408794438E-02 -0.507253048113E-02 -0.194073748826E-02  0.960989199724E-03  0.0000E+00
1  cu     0.494224047170E-02  0.419602036756E-04  0.186685034210E-02  0.970696051972E-03  0.0000E+00
1  cu    -0.272805088362E-03 -0.507152387300E-02  0.446411103338E-02  0.102395220151E-02  0.0000E+00
1  cu     0.488104638034E-02  0.892015854892E-03 -0.212362239893E-02  0.967473818504E-03  0.0000E+00
1  cu    -0.493176206194E-02 -0.127112003598E-02  0.143596278480E-02  0.980990006442E-03  0.0000E+00
1  cu     0.448636712520E-02 -0.617259831833E-02 -0.428784774473E-02  0.104142335360E-02  0.0000E+00
1  cu     0.400702269960E-02  0.651210018422E-02 -0.449016769919E-02  0.976127249223E-03  0.0000E+00
1  cu     0.594777121107E-02  0.103099882314E-02  0.106497001272E-02  0.105125600242E-02  0.0000E+00
1  cu     0.706809501329E-02 -0.270367047352E-02 -0.275096342646E-02  0.994537717328E-03  0.0000E+00
1  cu    -0.476570212754E-02  0.594132250375E-02  0.398961446835E-02  0.996281689210E-03  0.0000E+00
1  cu    -0.495921527097E-02 -0.510858657770E-03 -0.419816749567E-02  0.991342341452E-03  0.0000E+00
1  cu     0.543228582496E-02 -0.524336648020E-02 -0.118547791236E-02  0.100029825227E-02  0.0000E+00
1  cu    -0.752533452543E-02 -0.372077874783E-03 -0.526310830975E-03  0.102768040014E-02  0.0000E+00
1  cu     0.399814441921E-02  0.651103680368E-02  0.580361385548E-02  0.999187549646E-03  0.0000E+00
1  cu     0.505487756661E-02 -0.226935567813E-02  0.368252892025E-02  0.975758938364E-03  0.0000E+00
1  cu     0.151679635104E-02  0.495534215613E-02 -0.364798554100E-02  0.101983516802E-02  0.0000E+00
1  cu    -0.730529403894E-02 -0.206879923900E-02  0.317849527518E-02  0.974597000481E-03  0.0000E+00
1  cu    -0.565094427127E-03  0.763847261763E-02 -0.253824255723E-02  0.968023927451E-03  0.0000E+00
1  cu     0.346791684614E-03 -0.757269247939E-02  0.176328258230E-02  0.102044005348E-02  0.0000E+00
1  cu     0.484656066639E-02  0.874868714495E-03  0.570668686873E-02  0.966204115429E-03  0.0000E+00
1  cu    -0.613338549401E-02 -0.452084713099E-02  0.458620992350E-02  0.981930445078E-03  0.0000E+00
1  cu    -0.591808635703E-02 -0.489993194653E-02 -0.380223982721E-02  0.995168128478E-03  0.0000E+00
1  cu    -0.268303188226E-02  0.408078316670E-02  0.384405419166E-02  0.970288016034E-03  0.0000E+00
1  cu     0.425809277943E-02 -0.250110067826E-02  0.249715819014E-02  0.990495147247E-03  0.0000E+00
1  cu     0.484130086062E-02  0.348483715807E-02  0.908240623852E-03  0.976260845061E-03  0.0000E+00
1  cu     0.412221205199E-02  0.633839848382E-02 -0.170874815978E-02  0.102568064810E-02  0.0000E+00
1  cu    -0.159720949617E-02 -0.510589896434E-02 -0.580640658112E-02  0.982570737046E-03  0.0000E+00
1  cu     0.628984155633E-02 -0.431438918465E-02 -0.583029791737E-02  0.978432491940E-03  0.0000E+00
1  cu     0.727769618769E-02  0.179980419531E-02 -0.514170532480E-02  0.104053083917E-02  0.0000E+00
1  cu     0.936221783881E-03 -0.751108764183E-02 -0.107457676572E-02  0.104229853997E-02  0.0000E+00
1  cu     0.583072919578E-02  0.490300750275E-02  0.522257847831E-03  0.960835164346E-03  0.0000E+00
1  cu    -0.638514541824E-02  0.429457728595E-02 -0.563380702364E-02  0.960736402501E-03  0.0000E+00
1  cu    -0.400731088547E-02  0.322602740745E-02 -0.415859279867E-02  0.965931781546E-03  0.0000E+00
1  cu     0.494420098752E-02  0.106552322549E-02  0.322884014744E-02  0.100929486727E-02  0.0000E+00
1  cu    -0.738220879207E-03 -0.496870999585E-02 -0.944242648397E-03  0.958211141544E-03  0.0000E+00
1  cu     0.232349014984E-03  0.567546881703E-02  0.125107556973E-02  0.999020625104E-03  0.0000E+00
1  cu    -0.438289407841E-02 -0.238825752622E-02 -0.104496300476E-02  0.101524632473E-02  0.0000E+00
1  cu    -0.182666979944E-02  0.476667895271E-02 -0.103023317825E-02  0.997918350327E-03  0.0000E+00
1  cu    -0.494827144841E-02 -0.578889091635E-02  0.413497074013E-02  0.102152401959E-02  0.0000E+00
1  cu    -0.200956451840E-02 -0.667990043442E-02 -0.243304729491E-02  0.100816036399E-02  0.0000E+00
1  cu     0.647079427600E-03  0.507689912150E-02  0.398294351880E-02  0.104373108221E-02  0.0000E+00
1  cu     0.769452827565E-02  0.204188394327E-03 -0.424783465251E-02  0.987360087708E-03  0.0000E+00
1  cu    -0.422665564082E-02 -0.626490384263E-02 -0.357143300320E-03  0.973961496452E-03  0.0000E+00
1  cu    -0.389690354032E-02  0.445771966826E-02  0.141688921414E-02  0.982670654389E-03  0.0000E+00
1  cu    -0.705689814552E-02 -0.289318890064E-02  0.458920843023E-02  0.999715490282E-03  0.0000E+00
1  cu     0.544693236049E-02  0.539310547216E-02  0.446840155253E-02  0.100651352308E-02  0.0000E+00
1  cu     0.268064164249E-02 -0.711642291509E-02  0.396396700367E-02  0.100679543583E-02  0.0000E+00
1  cu    -0.723532217312E-02 -0.281309477279E-02 -0.269170685283E-02  0.955264200976E-03  0.0000E+00
1  cu    -0.321082391494E-03  0.499176204960E-02  0.534473741942E-02  0.982968391394E-03  0.0000E+00
1  cu     0.162825481521E-02  0.483967212809E-02 -0.129069155466E-02  0.100323826954E-02  0.0000E+00
1  cu     0.121279624972E-02 -0.484548009031E-02  0.573530161555E-02  0.103006998558E-02  0.0000E+00
1  cu    -0.864938032113E-03 -0.598138300470E-02 -0.464061863324E-02  0.101811075747E-02  0.0000E+00
1  cu    -0.384514783255E-02 -0.337824040802E-02 -0.222948460376E-02  0.104497359585E-02  0.0000E+00
1  cu     0.746067720400E-02 -0.160391281389E-02 -0.185513621233E-02  0.967114660483E-03  0.0000E+00
1  cu     0.770741769950E-02  0.368087505951E-03  0.567703107391E-02  0.961650835603E-03  0.0000E+00
1  cu    -0.680154168570E-02 -0.335100393167E-02 -0.407693925588E-02  0.953257273905E-03  0.0000E+00
1  cu    -0.493332702385E-02  0.416470787870E-03  0.186620033068E-02  0.957768746971E-03  0.0000E+00
1  cu     0.369403277472E-02 -0.674497027144E-02  0.236972801485E-02  0.967661811161E-03  0.0000E+00
1  cu    -0.609042746556E-02  0.467532865555E-02  0.429834551228E-02  0.962267153505E-03  0.0000E+00
1  cu    -0.754312951330E-02  0.599279515049E-03 -0.211472711021E-02  0.103529011898E-02  0.0000E+00
1  cu    -0.496255639137E-02 -0.190806549320E-03  0.466126235026E-02  0.979181502799E-03  0.0000E+00
1  cu     0.478778086864E-02 -0.191179254287E-02 -0.249320585960E-02  0.103152963804E-02  0.0000E+00
1  cu    -0.512873042428E-02 -0.573927067401E-02 -0.226826135531E-02  0.982736459740E-03  0.0000E+00
1  cu     0.587448373751E-03 -0.570185687823E-02  0.254744660495E-02  0.103969808801E-02  0.0000E+00
1  cu    -0.273982448550E-03 -0.767780143893E-02  0.493976392549E-02  0.100587134464E-02  0.0000E+00
1  cu    -0.363027473324E-02  0.344661491117E-02  0.257812697415E-02  0.956986731411E-03  0.0000E+00
1  cu    -0.250263078800E-02 -0.428765642806E-02 -0.303061639037E-02  0.979341231233E-03  0.0000E+00
1  cu    -0.243035462393E-02 -0.720445620534E-02  0.322956612532E-02  0.998014225656E-03  0.0000E+00
1  cu     0.740547339827E-02 -0.160154797703E-02 -0.457150378166E-02  0.105279280000E-02  0.0000E+00
1  cu     0.415342617428E-02 -0.271033378432E-02 -0.541176691436E-02  0.102256615442E-02  0.0000E+00
1  cu    -0.254741046331E-02  0.431132093907E-02 -0.229336025523E-02  0.966044212100E-03  0.0000E+00
1  cu    -0.535275169372E-02  0.340298429865E-02  0.513272252465E-02  0.972337276798E-03  0.0000E+00
1  cu     0.734955675552E-02  0.185209516021E-02  0.436297474505E-02  0.103837627071E-02  0.0000E+00
1  cu     0.125875571450E-02  0.481608267706E-02  0.406136279609E-03  0.970206257872E-03  0.0000E+00
1  cu     0.558457099522E-03  0.659078477346E-02  0.305237435798E-02  0.989454866005E-03  0.0000E+00
1  cu     0.379599533005E-02  0.663590629422E-02  0.272275847189E-02  0.101714042226E-02  0.0000E+00
1  cu    -0.323620777677E-02 -0.401271424247E-02  0.231230650285E-02  0.100351526729E-02  0.0000E+00
1  cu     0.426213367251E-02  0.290609108046E-02  0.332833902147E-02  0.956177831354E-03  0.0000E+00
1  cu    -0.292816380362E-02  0.713102739575E-02 -0.124629531143E-02  0.981848788563E-03  0.0000E+00
1  cu    -0.454559175180E-02 -0.606642700174E-02 -0.457948866731E-02  0.976008048585E-03  0.0000E+00
1  cu    -0.754857280476E-02 -0.482140494006E-03  0.384176309176E-02  0.102091637768E-02  0.0000E+00
1  cu     0.623180574291E-02 -0.433458335447E-02  0.271699687883E-02  0.967913404294E-03  0.0000E+00
1  cu    -0.120087858467E-02 -0.484723838430E-02  0.481134232601E-03  0.969169815354E-03  0.0000E+00
1  cu    -0.265378040033E-02 -0.431359003031E-02  0.908579718951E-03  0.958245198975E-03  0.0000E+00
1  cu    -0.552611491166E-02  0.694365260878E-03  0.343850626720E-02  0.101612151110E-02  0.0000E+00
1  cu    -0.524168859879E-02  0.533985362794E-02 -0.325619668418E-02  0.982626263955E-03  0.0000E+00
1  cu     0.277915929335E-02 -0.428429905757E-02 -0.115112365760E-02  0.103132067891E-02  0.0000E+00
1  cu    -0.354195813634E-02 -0.684273718447E-02  0.440380012200E-02  0.979554429692E-03  0.0000E+00
1  cu    -0.722082410572E-02  0.249802363686E-02  0.874724326023E-03  0.956427995058E-03  0.0000E+00
1  cu    -0.181927528427E-02  0.750022451056E-02  0.964686932190E-03  0.954228887052E-03  0.0000E+00
1  cu     0.113224763236E-02  0.491607009012E-02 -0.548505151634E-02  0.972683869295E-03  0.0000E+00
1  cu    -0.484928247837E-02  0.142856008857E-02 -0.217456086458E-02  0.970236578978E-03  0.0000E+00
1  cu    -0.766589782836E-02  0.180445182569E-03 -0.549597420366E-02  0.998446287973E-03  0.0000E+00
1  cu     0.706161332932E-02 -0.250197737036E-02  0.770237965912E-03  0.105227860282E-02  0.0000E+00
1  cu    -0.419751849830E-02 -0.265257757214E-02 -0.563900934436E-02  0.995120628799E-03  0.0000E+00
1  cu    -0.434599868242E-02  0.260230376094E-02 -0.544459519673E-02  0.102439828234E-02  0.0000E+00
1  cu    -0.652646639210E-02 -0.385626163797E-02 -0.755975064740E-03  0.100230455165E-02  0.0000E+00
1  cu    -0.462076470654E-02  0.217016990510E-02  0.400466196711E-02  0.956759715873E-03  0.0000E+00
1  cu     0.115224458801E-02 -0.491504941217E-02 -0.220214312150E-02  0.104653652304E-02  0.0000E+00
1  cu     0.634893145696E-02  0.408622167987E-02  0.179419544151E-02  0.103589580566E-02  0.0000E+00
1  cu    -0.198612031593E-02  0.456174531519E-02  0.536209238002E-02  0.956002729350E-03  0.0000E+00
1  cu     0.108336046921E-02 -0.508578704385E-02 -0.644195235698E-03  0.100362208177E-02  0.0000E+00
1  cu     0.489848454042E-02 -0.558635452844E-02 -0.564851492154E-02  0.102673615268E-02  0.0000E+00
1  cu     0.173178681720E-03  0.772516472638E-02  0.403157776007E-02  0.959964820470E-03  0.0000E+00
1  cu     0.610472764094E-03  0.741186754407E-02  0.536518467492E-02  0.103564262950E-02  0.0000E+00
1  cu     0.540275420609E-02 -0.538616083658E-02 -0.276528552205E-02  0.101516105969E-02  0.0000E+00
1  cu     0.640467767657E-02  0.421557506938E-02 -0.146620334622E-02  0.100194541904E-02  0.0000E+00
1  cu    -0.535150042892E-02  0.528615704253E-02 -0.457678752120E-02  0.103973287566E-02  0.0000E+00
1  cu     0.417210510990E-02  0.278595769968E-02 -0.548720277766E-02  0.100431388853E-02  0.0000E+00
1  cu     0.367520976631E-02 -0.668726690368E-02  0.522825632329E-02  0.103234531228E-02  0.0000E+00
1  cu     0.376497567087E-02  0.337172958465E-02  0.474573372941E-02  0.975257332123E-03  0.0000E+00
1  cu     0.510987440759E-02 -0.562379130421E-02  0.314522282079E-03  0.103153505529E-02  0.0000E+00
1  cu     0.496750634459E-02  0.139580766267E-02 -0.466131653718E-02  0.964238293021E-03  0.0000E+00
  list of objects:
** *****  ******************   ******************  ******************  *****************  **********
0  plane  0.100000000000E+01  0.000000000000E+00  0.000000000000E+00  0.868188836336E-02  0.0000E+00
** *****  ******************   ******************  ******************  *****************  **********
0  plane -0.100000000000E+01  0.000000000000E+00  0.000000000000E+00  0.866434411633E-02  0.0000E+00
** *****  ******************   ******************  ******************  *****************  **********
0  plane  0.000000000000E+00  0.100000000000E+01  0.000000000000E+00  0.136851301538E-01  0.0000E+00
** *****  ******************   ******************  ******************  *****************  **********
0  plane  0.000000000000E+00 -0.100000000000E+01  0.000000000000E+00  0.136836733905E-01  0.0000E+00
** *****  ******************   ******************  ******************  *****************  **********
   bonded contacts (i,j):         0

